13  46  57	 582.0	 579.0	 395.0	 028.6
13  47  07	 583.0	 579.2	 392.4	 028.5
13  47  17	 583.7	 579.2	 390.1	 028.4
13  47  27	 584.3	 579.2	 387.3	 028.4
13  47  37	 584.9	 579.2	 382.9	 028.5
13  47  47	 585.3	 579.1	 379.1	 028.5
13  47  57	 585.7	 579.0	 375.9	 028.5
13  48  07	 586.0	 578.8	 373.3	 028.5
13  48  17	 586.2	 578.6	 370.7	 028.4
13  48  27	 586.5	 578.4	 368.5	 028.4
13  48  37	 586.7	 578.2	 366.1	 028.4
13  48  47	 586.9	 577.9	 364.1	 028.4
13  48  57	 587.0	 577.6	 361.9	 028.3
13  49  07	 587.3	 577.3	 360.2	 028.3
13  49  17	 587.4	 577.0	 358.4	 028.8
13  49  27	 587.5	 576.7	 356.4	 028.6
13  49  37	 587.7	 576.2	 354.5	 028.6
13  49  47	 587.8	 575.8	 352.5	 028.6
13  49  57	 587.8	 575.4	 350.7	 028.5
13  50  07	 587.9	 574.9	 348.7	 028.5
13  50  17	 588.0	 574.6	 346.9	 028.6
13  50  27	 588.2	 574.1	 345.1	 028.6
13  50  37	 588.2	 573.6	 343.3	 028.7
13  50  47	 588.3	 573.1	 341.7	 028.7
13  50  57	 588.4	 572.6	 340.2	 028.6
13  51  07	 588.4	 572.0	 338.7	 028.5
13  51  17	 588.4	 571.5	 337.3	 028.5
13  51  27	 588.5	 570.9	 335.8	 028.5
13  51  37	 588.5	 570.4	 334.4	 028.6
13  51  47	 588.6	 569.8	 332.9	 028.6
13  51  57	 588.6	 569.3	 331.5	 028.5
13  52  07	 588.7	 568.6	 330.0	 028.6
13  52  17	 588.7	 568.0	 328.7	 028.6
13  52  27	 588.7	 567.4	 327.4	 028.6
13  52  37	 588.7	 566.7	 325.9	 028.6
13  52  47	 588.8	 566.1	 324.7	 028.5
13  52  57	 588.8	 565.4	 323.3	 028.6
13  53  07	 588.8	 564.8	 322.0	 028.6
13  53  17	 588.8	 564.1	 320.7	 028.5
13  53  27	 588.8	 563.4	 319.6	 028.6
13  53  37	 588.9	 562.8	 318.4	 028.6
13  53  47	 588.9	 562.1	 317.3	 028.6
13  53  57	 588.8	 561.3	 316.0	 028.7
13  54  07	 588.8	 560.7	 314.9	 028.7
13  54  17	 588.8	 559.9	 313.8	 029.0
13  54  27	 588.7	 559.2	 312.7	 028.9
13  54  37	 588.7	 558.4	 311.5	 028.8
13  54  47	 588.8	 557.8	 310.6	 028.9
13  54  57	 588.8	 557.0	 309.6	 028.8
13  55  07	 588.8	 556.3	 308.5	 028.8
13  55  17	 588.7	 555.5	 307.5	 028.8
13  55  27	 588.7	 554.8	 306.4	 028.7
13  55  37	 588.7	 553.9	 305.4	 028.6
13  55  47	 588.6	 553.2	 304.4	 028.6
13  55  57	 588.6	 552.5	 303.5	 028.6
13  56  07	 588.5	 551.7	 302.6	 028.6
13  56  17	 588.5	 550.9	 301.6	 028.9
13  56  27	 588.5	 550.2	 300.8	 028.7
13  56  37	 588.4	 549.4	 299.7	 028.7
13  56  47	 588.4	 548.6	 298.7	 028.7
13  56  57	 588.3	 547.8	 297.6	 028.7
13  57  07	 588.2	 547.0	 296.7	 028.6
13  57  17	 588.1	 546.2	 295.8	 028.7
13  57  27	 588.1	 545.3	 294.9	 028.6
13  57  37	 587.9	 544.5	 293.9	 028.7
13  57  47	 587.9	 543.8	 293.0	 028.7
13  57  57	 587.8	 542.9	 292.1	 028.6
13  58  07	 587.7	 542.2	 291.3	 028.6
13  58  17	 587.7	 541.4	 290.5	 028.8
13  58  27	 587.6	 540.6	 289.8	 028.8
13  58  37	 587.5	 539.7	 288.9	 028.8
13  58  47	 587.4	 538.9	 288.2	 028.8
13  58  57	 587.2	 538.0	 287.3	 028.8
13  59  07	 587.1	 537.3	 286.6	 028.8
13  59  17	 587.0	 536.4	 285.8	 028.9
13  59  27	 586.9	 535.6	 285.1	 028.8
13  59  37	 586.8	 534.8	 284.4	 028.8
13  59  47	 586.7	 534.0	 283.7	 028.6
13  59  57	 586.5	 533.1	 282.9	 028.7
14  00  07	 586.4	 532.3	 282.1	 028.7
14  00  17	 586.2	 531.4	 281.3	 028.7
14  00  27	 586.0	 530.6	 280.6	 028.7
14  00  37	 585.9	 529.7	 279.9	 028.8
14  00  47	 585.7	 528.9	 279.1	 028.8
14  00  57	 585.6	 528.1	 278.5	 028.7
14  01  07	 585.4	 527.2	 277.8	 028.8
14  01  17	 585.1	 526.4	 277.2	 028.8
14  01  27	 585.0	 525.6	 276.5	 028.9
14  01  37	 584.9	 524.8	 275.9	 029.0
14  01  47	 584.7	 523.9	 275.3	 029.0
14  01  57	 584.5	 523.1	 274.6	 029.0
14  02  07	 584.3	 522.2	 273.9	 029.1
14  02  17	 584.0	 521.4	 273.1	 028.8
14  02  27	 583.8	 520.6	 272.4	 028.8
14  02  37	 583.6	 519.7	 271.7	 028.7
14  02  47	 583.4	 518.9	 271.2	 029.0
14  02  57	 583.1	 518.0	 270.6	 028.9
14  03  07	 582.9	 517.2	 269.9	 029.0
14  03  17	 582.7	 516.4	 269.3	 029.0
14  03  27	 582.5	 515.6	 268.7	 029.1
14  03  37	 582.2	 514.7	 268.0	 029.1
14  03  47	 581.9	 513.9	 267.4	 029.0
14  03  57	 581.7	 513.0	 266.6	 029.1
14  04  07	 581.4	 512.2	 265.9	 029.1
14  04  17	 581.1	 511.3	 265.1	 029.0
14  04  27	 580.8	 510.5	 264.5	 029.1
14  04  37	 580.6	 509.6	 264.0	 028.9
14  04  47	 580.3	 508.8	 263.5	 028.8
14  04  57	 580.0	 507.9	 262.9	 028.9
14  05  07	 579.6	 507.2	 262.3	 028.8
14  05  17	 579.3	 506.3	 261.7	 028.8
14  05  27	 579.1	 505.6	 261.3	 028.8
14  05  37	 578.8	 504.8	 260.7	 029.0
14  05  47	 578.5	 503.9	 260.2	 028.9
14  05  57	 578.1	 503.1	 259.7	 029.0
14  06  07	 577.8	 502.2	 259.1	 029.1
14  06  17	 577.4	 501.4	 258.6	 029.2
14  06  27	 577.1	 500.5	 258.0	 029.1
14  06  37	 576.8	 499.7	 257.4	 029.1
14  06  47	 576.4	 498.8	 256.8	 029.3
14  06  57	 576.1	 498.1	 256.2	 029.2
14  07  07	 575.8	 497.2	 255.8	 029.3
14  07  17	 575.4	 496.4	 255.2	 029.3
14  07  27	 575.1	 495.7	 254.7	 029.3
14  07  37	 574.7	 494.8	 254.1	 029.2
14  07  47	 574.3	 494.0	 253.6	 029.2
14  07  57	 573.9	 493.1	 253.1	 029.2
14  08  07	 573.5	 492.3	 252.5	 029.2
14  08  17	 573.1	 491.4	 251.9	 029.1
14  08  27	 572.7	 490.6	 251.4	 029.1
14  08  37	 572.3	 489.8	 250.9	 029.0
14  08  47	 571.9	 489.0	 250.4	 029.2
14  08  57	 571.5	 488.1	 249.8	 029.3
14  09  07	 571.2	 487.4	 249.5	 029.3
14  09  17	 570.7	 486.6	 248.8	 029.6
14  09  27	 570.3	 485.8	 248.3	 029.9
14  09  37	 569.9	 484.9	 247.8	 029.9
14  09  47	 569.5	 484.2	 247.3	 030.0
14  09  57	 569.0	 483.3	 246.9	 030.0
14  10  07	 568.6	 482.5	 246.3	 030.1
14  10  17	 568.1	 481.7	 245.9	 029.9
14  10  27	 567.7	 480.9	 245.4	 029.9
14  10  37	 567.2	 480.2	 245.1	 030.0
14  10  47	 566.7	 479.3	 244.7	 030.0
14  10  57	 566.3	 478.6	 244.3	 030.4
14  11  07	 565.8	 477.7	 243.9	 030.4
14  11  17	 565.4	 477.0	 243.5	 030.1
14  11  27	 565.0	 476.2	 243.1	 030.3
14  11  37	 564.5	 475.4	 242.7	 030.1
14  11  47	 564.0	 474.6	 242.3	 030.2
14  11  57	 563.5	 473.8	 241.8	 029.9
14  12  07	 563.0	 473.0	 241.3	 030.0
14  12  17	 562.5	 472.3	 240.8	 030.0
14  12  27	 562.0	 471.5	 240.2	 029.5
14  12  37	 561.5	 470.7	 239.7	 029.6
14  12  47	 561.1	 470.0	 239.3	 029.6
14  12  57	 560.6	 469.2	 238.9	 029.7
14  13  07	 560.1	 468.4	 238.5	 029.7
14  13  17	 559.6	 467.6	 238.0	 029.9
14  13  27	 559.1	 466.8	 237.7	 030.1
14  13  37	 558.5	 466.0	 237.3	 030.2
14  13  47	 558.0	 465.2	 236.9	 030.2
14  13  57	 557.5	 464.4	 236.5	 029.8
14  14  07	 557.0	 463.7	 236.1	 029.8
14  14  17	 556.4	 462.9	 235.6	 029.7
14  14  27	 555.9	 462.1	 235.2	 030.3
14  14  37	 555.3	 461.3	 234.7	 030.3
14  14  47	 554.8	 460.6	 234.3	 030.4
14  14  57	 554.2	 459.7	 233.9	 030.4
14  15  07	 553.8	 459.1	 233.5	 030.4
14  15  17	 553.2	 458.3	 233.1	 030.5
14  15  27	 552.7	 457.6	 232.6	 030.4
14  15  37	 552.1	 456.8	 232.2	 030.0
14  15  47	 551.5	 456.0	 231.9	 029.8
14  15  57	 550.9	 455.3	 231.5	 030.0
14  16  07	 550.4	 454.5	 231.1	 030.2
14  16  17	 549.8	 453.8	 230.7	 030.3
14  16  27	 549.3	 452.9	 230.4	 030.5
14  16  37	 548.7	 452.2	 229.9	 030.4
14  16  47	 548.1	 451.4	 229.4	 030.5
14  16  57	 547.6	 450.7	 228.9	 030.5
14  17  07	 546.9	 449.9	 228.6	 030.5
14  17  17	 546.5	 449.3	 228.3	 030.7
14  17  27	 545.9	 448.6	 228.0	 030.6
14  17  37	 545.3	 447.8	 227.6	 030.8
14  17  47	 544.7	 447.1	 227.2	 030.6
14  17  57	 544.1	 446.3	 226.8	 030.5
14  18  07	 543.5	 445.6	 226.5	 030.7
14  18  17	 542.9	 444.8	 226.1	 030.7
14  18  27	 542.4	 444.1	 225.7	 029.8
14  18  37	 541.7	 443.3	 225.4	 030.2
14  18  47	 541.1	 442.6	 225.0	 030.3
14  18  57	 540.5	 441.9	 224.7	 029.7
14  19  07	 539.9	 441.2	 224.4	 029.7
14  19  17	 539.3	 440.4	 223.9	 029.7
14  19  27	 538.7	 439.7	 223.5	 030.2
14  19  37	 538.1	 439.0	 223.1	 030.5
14  19  47	 537.6	 438.4	 222.5	 030.6
14  19  57	 536.9	 437.6	 222.2	 030.0
14  20  07	 536.3	 436.9	 221.8	 029.3
14  20  17	 535.7	 436.1	 221.5	 028.2
14  20  27	 535.1	 435.4	 221.0	 028.2
14  20  37	 534.5	 434.8	 220.7	 028.6
14  20  47	 533.9	 434.0	 220.3	 029.3
14  20  57	 533.2	 433.3	 219.9	 029.3
14  21  07	 532.6	 432.6	 219.6	 029.6
14  21  17	 532.0	 431.9	 219.2	 029.4
14  21  27	 531.4	 431.2	 218.8	 029.6
14  21  37	 530.8	 430.5	 218.5	 029.6
14  21  47	 530.2	 429.8	 218.2	 029.7
14  21  57	 529.6	 429.2	 217.8	 029.7
14  22  07	 529.0	 428.4	 217.6	 029.7
14  22  17	 528.3	 427.8	 217.2	 029.6
14  22  27	 527.6	 427.1	 216.8	 029.5
14  22  37	 527.0	 426.4	 216.6	 029.5
14  22  47	 526.4	 425.7	 216.3	 029.6
14  22  57	 525.8	 424.9	 215.9	 029.4
14  23  07	 525.1	 424.3	 215.5	 029.5
14  23  17	 524.5	 423.5	 215.1	 029.5
14  23  27	 523.8	 422.9	 214.8	 029.5
14  23  37	 523.2	 422.1	 214.5	 028.9
14  23  47	 522.6	 421.5	 214.1	 028.5
14  23  57	 521.9	 420.7	 213.7	 028.5
14  24  07	 521.2	 420.1	 213.3	 028.9
14  24  17	 520.6	 419.4	 212.9	 029.1
14  24  27	 519.9	 418.7	 212.6	 029.0
14  24  37	 519.2	 418.0	 212.2	 029.3
14  24  47	 518.6	 417.4	 211.8	 029.1
14  24  57	 517.9	 416.6	 211.5	 029.3
14  25  07	 517.4	 416.1	 211.3	 029.7
14  25  17	 516.7	 415.3	 211.0	 029.6
14  25  27	 516.1	 414.7	 210.7	 029.8
14  25  37	 515.4	 414.0	 210.4	 029.8
14  25  47	 514.8	 413.3	 210.1	 029.9
14  25  57	 514.1	 412.6	 209.9	 029.8
14  26  07	 513.4	 412.0	 209.6	 029.6
14  26  17	 512.8	 411.3	 209.4	 029.5
14  26  27	 512.1	 410.6	 209.1	 029.6
14  26  37	 511.5	 409.9	 208.9	 030.0
14  26  47	 510.8	 409.2	 208.7	 030.5
14  26  57	 510.1	 408.6	 208.4	 030.4
14  27  07	 509.5	 407.9	 208.1	 030.4
14  27  17	 508.8	 407.2	 207.8	 030.4
14  27  27	 508.1	 406.6	 207.5	 030.4
14  27  37	 507.5	 405.9	 207.1	 030.2
14  27  47	 506.8	 405.3	 206.8	 030.7
14  27  57	 506.1	 404.6	 206.5	 030.7
14  28  07	 505.4	 404.0	 206.2	 030.8
14  28  17	 504.8	 403.3	 205.8	 031.0
14  28  27	 504.2	 402.6	 205.6	 030.9
14  28  37	 503.5	 402.0	 205.3	 030.7
14  28  47	 502.9	 401.4	 205.2	 030.8
14  28  57	 502.2	 400.8	 204.9	 030.8
14  29  07	 501.6	 400.1	 204.6	 031.1
14  29  17	 500.9	 399.5	 204.4	 031.0
14  29  27	 500.2	 398.8	 204.1	 030.8
14  29  37	 499.5	 398.2	 203.8	 031.0
14  29  47	 498.8	 397.5	 203.5	 030.4
14  29  57	 498.2	 396.8	 203.2	 030.8
14  30  07	 497.5	 396.2	 202.9	 031.0
14  30  17	 496.8	 395.6	 202.7	 031.0
14  30  27	 496.1	 395.0	 202.4	 031.3
14  30  37	 495.4	 394.3	 202.1	 030.9
14  30  47	 494.7	 393.7	 201.8	 030.4
14  30  57	 494.1	 393.1	 201.5	 030.5
14  31  07	 493.4	 392.4	 201.3	 030.2
14  31  17	 492.7	 391.8	 201.0	 030.3
14  31  27	 492.1	 391.2	 200.7	 030.3
14  31  37	 491.5	 390.6	 200.5	 030.1
14  31  47	 490.8	 390.0	 200.3	 030.0
14  31  57	 490.1	 389.4	 200.0	 030.9
14  32  07	 489.4	 388.7	 199.7	 033.3
14  32  17	 488.8	 388.1	 199.4	 031.8
14  32  27	 488.1	 387.5	 199.1	 031.7
14  32  37	 487.4	 386.8	 198.7	 030.4
14  32  47	 486.7	 386.3	 198.3	 030.3
14  32  57	 486.1	 385.6	 198.1	 029.9
14  33  07	 485.4	 385.0	 197.8	 030.0
14  33  17	 484.8	 384.4	 197.5	 029.9
14  33  27	 484.1	 383.8	 197.3	 029.7
14  33  37	 483.4	 383.1	 197.1	 030.1
14  33  47	 482.7	 382.5	 196.8	 029.9
14  33  57	 482.1	 381.9	 196.6	 030.1
14  34  07	 481.4	 381.3	 196.3	 030.2
14  34  17	 480.7	 380.7	 196.1	 029.4
14  34  27	 480.1	 380.1	 195.9	 029.5
14  34  37	 479.3	 379.5	 195.5	 029.6
14  34  47	 478.7	 378.9	 195.1	 029.4
14  34  57	 478.0	 378.2	 194.8	 029.6
14  35  07	 477.4	 377.7	 194.6	 029.7
14  35  17	 476.7	 377.1	 194.5	 029.9
14  35  27	 476.1	 376.6	 194.3	 029.9
14  35  37	 475.4	 376.0	 194.0	 029.9
14  35  47	 474.8	 375.4	 193.7	 029.7
14  35  57	 474.1	 374.8	 193.4	 029.5
14  36  07	 473.4	 374.2	 193.2	 029.4
14  36  17	 472.8	 373.6	 192.9	 029.2
14  36  27	 472.1	 373.0	 192.7	 029.6
14  36  37	 471.4	 372.4	 192.4	 029.5
14  36  47	 470.8	 371.8	 192.1	 029.9
14  36  57	 470.1	 371.2	 191.7	 029.9
14  37  07	 469.4	 370.7	 191.5	 029.2
14  37  17	 468.8	 370.1	 191.2	 029.6
14  37  27	 468.1	 369.5	 191.0	 029.6
14  37  37	 467.4	 368.9	 190.7	 029.9
14  37  47	 466.7	 368.3	 190.5	 029.9
14  37  57	 466.1	 367.7	 190.2	 029.2
14  38  07	 465.4	 367.2	 189.9	 029.3
14  38  17	 464.7	 366.6	 189.7	 029.1
14  38  27	 464.1	 366.0	 189.5	 029.2
14  38  37	 463.4	 365.4	 189.3	 029.7
14  38  47	 462.8	 364.9	 189.1	 029.8
14  38  57	 462.1	 364.2	 188.9	 029.5
14  39  07	 461.5	 363.7	 188.6	 029.4
14  39  17	 460.7	 363.1	 188.4	 029.2
14  39  27	 460.1	 362.5	 188.1	 029.2
14  39  37	 459.4	 361.9	 188.2	 029.2
14  39  47	 458.9	 361.5	 187.8	 029.5
14  39  57	 458.1	 360.9	 187.3	 029.4
14  40  07	 457.5	 360.4	 186.8	 029.5
14  40  17	 456.8	 359.8	 186.5	 029.5
14  40  27	 456.2	 359.2	 186.2	 029.6
14  40  37	 455.5	 358.7	 186.0	 029.6
14  40  47	 454.9	 358.1	 185.8	 029.7
14  40  57	 454.2	 357.6	 185.6	 029.4
14  41  07	 453.6	 357.0	 185.4	 029.3
14  41  17	 452.9	 356.5	 185.1	 029.4
14  41  27	 452.2	 355.9	 185.0	 029.6
14  41  37	 451.6	 355.3	 184.7	 029.7
14  41  47	 450.9	 354.8	 184.5	 029.6
14  41  57	 450.3	 354.2	 184.2	 029.7
14  42  07	 449.6	 353.7	 184.0	 029.2
14  42  17	 448.9	 353.1	 183.8	 029.2
14  42  27	 448.2	 352.6	 183.6	 029.3
14  42  37	 447.6	 352.0	 183.4	 029.5
14  42  47	 446.9	 351.5	 183.2	 029.3
14  42  57	 446.3	 350.9	 183.0	 029.1
14  43  07	 445.7	 350.4	 182.8	 029.1
14  43  17	 445.0	 349.8	 182.6	 029.2
14  43  27	 444.5	 349.4	 182.4	 029.2
14  43  37	 443.8	 348.8	 182.1	 029.2
14  43  47	 443.2	 348.3	 181.9	 029.5
14  43  57	 442.5	 347.8	 181.6	 029.2
14  44  07	 441.9	 347.2	 181.4	 029.3
14  44  17	 441.2	 346.7	 181.1	 029.3
14  44  27	 440.6	 346.2	 180.8	 029.7
14  44  37	 440.0	 345.6	 180.6	 029.6
14  44  47	 439.3	 345.0	 180.4	 029.6
14  44  57	 438.7	 344.5	 180.1	 029.5
14  45  07	 438.0	 344.0	 179.9	 029.5
14  45  17	 437.3	 343.5	 179.7	 029.7
14  45  27	 436.7	 343.0	 179.5	 029.6
14  45  37	 436.1	 342.4	 179.2	 029.4
14  45  47	 435.5	 341.9	 178.9	 029.4
14  45  57	 434.8	 341.4	 178.7	 029.5
14  46  07	 434.2	 340.8	 178.5	 029.4
14  46  17	 433.6	 340.3	 178.3	 029.5
14  46  27	 432.9	 339.8	 178.1	 029.9
14  46  37	 432.3	 339.3	 177.8	 029.9
14  46  47	 431.6	 338.7	 177.6	 030.0
14  46  57	 431.0	 338.2	 177.5	 029.8
14  47  07	 430.3	 337.7	 177.3	 029.9
14  47  17	 429.7	 337.2	 177.1	 029.8
14  47  27	 429.1	 336.7	 176.9	 029.8
14  47  37	 428.5	 336.1	 176.8	 029.5
14  47  47	 427.8	 335.6	 176.5	 029.7
14  47  57	 427.2	 335.1	 176.4	 029.9
14  48  07	 426.6	 334.6	 176.2	 029.7
14  48  17	 426.0	 334.2	 175.9	 029.9
14  48  27	 425.4	 333.7	 175.6	 029.6
14  48  37	 424.8	 333.1	 175.4	 029.7
14  48  47	 424.2	 332.6	 175.2	 029.8
14  48  57	 423.5	 332.1	 175.1	 029.7
14  49  07	 422.9	 331.6	 174.9	 029.5
14  49  17	 422.3	 331.1	 174.8	 029.6
14  49  27	 421.7	 330.6	 174.6	 029.9
14  49  32	 421.5	 330.4	 174.5	 029.9
