 1.00000000e+00 2.70000000e+01 1.60000000e+01 5.79900000e+02 5.09200000e+02 3.09900000e+02 3.47000000e+01
 1.00000000e+00 2.70000000e+01 1.70000000e+01 5.79900000e+02 5.09100000e+02 3.09800000e+02 3.47000000e+01
 1.00000000e+00 2.70000000e+01 1.80000000e+01 5.79800000e+02 5.08900000e+02 3.09800000e+02 3.47000000e+01
 1.00000000e+00 2.70000000e+01 1.90000000e+01 5.79800000e+02 5.08800000e+02 3.09600000e+02 3.47000000e+01
 1.00000000e+00 2.70000000e+01 2.00000000e+01 5.79700000e+02 5.08800000e+02 3.09500000e+02 3.47000000e+01
 1.00000000e+00 2.70000000e+01 2.10000000e+01 5.79700000e+02 5.08600000e+02 3.09400000e+02 3.47000000e+01
 1.00000000e+00 2.70000000e+01 2.20000000e+01 5.79700000e+02 5.08500000e+02 3.09300000e+02 3.47000000e+01
 1.00000000e+00 2.70000000e+01 2.30000000e+01 5.79600000e+02 5.08300000e+02 3.09200000e+02 3.47000000e+01
 1.00000000e+00 2.70000000e+01 2.40000000e+01 5.79600000e+02 5.08200000e+02 3.09100000e+02 3.47000000e+01
 1.00000000e+00 2.70000000e+01 2.50000000e+01 5.79500000e+02 5.08000000e+02 3.09000000e+02 3.47000000e+01
 1.00000000e+00 2.70000000e+01 2.60000000e+01 5.79500000e+02 5.07900000e+02 3.09000000e+02 3.47000000e+01
 1.00000000e+00 2.70000000e+01 2.70000000e+01 5.79400000e+02 5.07800000e+02 3.08800000e+02 3.47000000e+01
 1.00000000e+00 2.70000000e+01 2.80000000e+01 5.79400000e+02 5.07800000e+02 3.08700000e+02 3.47000000e+01
 1.00000000e+00 2.70000000e+01 2.90000000e+01 5.79300000e+02 5.07600000e+02 3.08600000e+02 3.47000000e+01
 1.00000000e+00 2.70000000e+01 3.00000000e+01 5.79300000e+02 5.07500000e+02 3.08500000e+02 3.47000000e+01
 1.00000000e+00 2.70000000e+01 3.10000000e+01 5.79300000e+02 5.07300000e+02 3.08400000e+02 3.47000000e+01
 1.00000000e+00 2.70000000e+01 3.20000000e+01 5.79200000e+02 5.07200000e+02 3.08300000e+02 3.47000000e+01
 1.00000000e+00 2.70000000e+01 3.30000000e+01 5.79200000e+02 5.07000000e+02 3.08200000e+02 3.47000000e+01
 1.00000000e+00 2.70000000e+01 3.40000000e+01 5.79200000e+02 5.06900000e+02 3.08200000e+02 3.47000000e+01
 1.00000000e+00 2.70000000e+01 3.50000000e+01 5.79100000e+02 5.06800000e+02 3.08100000e+02 3.47000000e+01
 1.00000000e+00 2.70000000e+01 3.60000000e+01 5.79100000e+02 5.06800000e+02 3.08000000e+02 3.47000000e+01
 1.00000000e+00 2.70000000e+01 3.70000000e+01 5.79100000e+02 5.06600000e+02 3.07900000e+02 3.47000000e+01
 1.00000000e+00 2.70000000e+01 3.80000000e+01 5.79000000e+02 5.06500000e+02 3.07800000e+02 3.47000000e+01
 1.00000000e+00 2.70000000e+01 3.90000000e+01 5.78900000e+02 5.06300000e+02 3.07600000e+02 3.47000000e+01
 1.00000000e+00 2.70000000e+01 4.00000000e+01 5.78900000e+02 5.06200000e+02 3.07500000e+02 3.47000000e+01
 1.00000000e+00 2.70000000e+01 4.10000000e+01 5.78900000e+02 5.06000000e+02 3.07400000e+02 3.47000000e+01
 1.00000000e+00 2.70000000e+01 4.20000000e+01 5.78800000e+02 5.06000000e+02 3.07400000e+02 3.47000000e+01
 1.00000000e+00 2.70000000e+01 4.30000000e+01 5.78700000e+02 5.05900000e+02 3.07300000e+02 3.47000000e+01
 1.00000000e+00 2.70000000e+01 4.40000000e+01 5.78700000e+02 5.05800000e+02 3.07200000e+02 3.47000000e+01
 1.00000000e+00 2.70000000e+01 4.50000000e+01 5.78700000e+02 5.05600000e+02 3.07100000e+02 3.46000000e+01
 1.00000000e+00 2.70000000e+01 4.60000000e+01 5.78700000e+02 5.05500000e+02 3.07000000e+02 3.46000000e+01
 1.00000000e+00 2.70000000e+01 4.70000000e+01 5.78600000e+02 5.05400000e+02 3.06900000e+02 3.47000000e+01
 1.00000000e+00 2.70000000e+01 4.80000000e+01 5.78600000e+02 5.05300000e+02 3.06900000e+02 3.47000000e+01
 1.00000000e+00 2.70000000e+01 4.90000000e+01 5.78600000e+02 5.05100000e+02 3.06800000e+02 3.47000000e+01
 1.00000000e+00 2.70000000e+01 5.00000000e+01 5.78500000e+02 5.05100000e+02 3.06600000e+02 3.47000000e+01
 1.00000000e+00 2.70000000e+01 5.10000000e+01 5.78500000e+02 5.05000000e+02 3.06500000e+02 3.47000000e+01
 1.00000000e+00 2.70000000e+01 5.20000000e+01 5.78500000e+02 5.04900000e+02 3.06400000e+02 3.48000000e+01
 1.00000000e+00 2.70000000e+01 5.30000000e+01 5.78500000e+02 5.04700000e+02 3.06300000e+02 3.48000000e+01
 1.00000000e+00 2.70000000e+01 5.40000000e+01 5.78400000e+02 5.04600000e+02 3.06200000e+02 3.48000000e+01
 1.00000000e+00 2.70000000e+01 5.50000000e+01 5.78300000e+02 5.04500000e+02 3.06100000e+02 3.48000000e+01
 1.00000000e+00 2.70000000e+01 5.60000000e+01 5.78300000e+02 5.04300000e+02 3.06100000e+02 3.48000000e+01
 1.00000000e+00 2.70000000e+01 5.70000000e+01 5.78200000e+02 5.04200000e+02 3.06000000e+02 3.49000000e+01
 1.00000000e+00 2.70000000e+01 5.80000000e+01 5.78200000e+02 5.04200000e+02 3.05900000e+02 3.49000000e+01
 1.00000000e+00 2.70000000e+01 5.90000000e+01 5.78100000e+02 5.04100000e+02 3.05700000e+02 3.49000000e+01
 1.00000000e+00 2.80000000e+01 0.00000000e+00 5.78100000e+02 5.03900000e+02 3.05600000e+02 3.49000000e+01
 1.00000000e+00 3.00000000e+01 1.40000000e+01 5.71300000e+02 4.88100000e+02 2.93300000e+02 3.47000000e+01
 1.00000000e+00 3.00000000e+01 1.50000000e+01 5.71300000e+02 4.88000000e+02 2.93200000e+02 3.47000000e+01
 1.00000000e+00 3.00000000e+01 1.80000000e+01 5.72300000e+02 4.87600000e+02 2.92800000e+02 3.47000000e+01
 1.00000000e+00 3.00000000e+01 1.90000000e+01 5.70900000e+02 4.87600000e+02 2.92800000e+02 3.48000000e+01
 1.00000000e+00 3.00000000e+01 2.00000000e+01 5.70900000e+02 4.87400000e+02 2.92700000e+02 3.48000000e+01
 1.00000000e+00 3.00000000e+01 2.10000000e+01 5.70900000e+02 4.87300000e+02 2.92600000e+02 3.47000000e+01
 1.00000000e+00 3.00000000e+01 2.20000000e+01 5.70900000e+02 4.87100000e+02 2.92500000e+02 3.47000000e+01
 1.00000000e+00 3.00000000e+01 2.30000000e+01 5.70900000e+02 4.87000000e+02 2.92400000e+02 3.47000000e+01
 1.00000000e+00 3.00000000e+01 2.40000000e+01 5.70800000e+02 4.86900000e+02 2.92300000e+02 3.47000000e+01
 1.00000000e+00 3.00000000e+01 2.60000000e+01 5.71600000e+02 4.86600000e+02 2.92200000e+02 3.47000000e+01
 1.00000000e+00 3.00000000e+01 2.70000000e+01 5.71600000e+02 4.86600000e+02 2.92100000e+02 3.47000000e+01
 1.00000000e+00 3.00000000e+01 2.80000000e+01 5.71600000e+02 4.86500000e+02 2.92000000e+02 3.48000000e+01
 1.00000000e+00 3.00000000e+01 2.90000000e+01 5.71600000e+02 4.86400000e+02 2.91900000e+02 3.48000000e+01
 1.00000000e+00 3.00000000e+01 3.10000000e+01 5.72500000e+02 4.86200000e+02 2.91700000e+02 3.48000000e+01
 1.00000000e+00 3.00000000e+01 3.20000000e+01 5.72500000e+02 4.86000000e+02 2.91700000e+02 3.48000000e+01
 1.00000000e+00 3.00000000e+01 3.30000000e+01 5.72500000e+02 4.85900000e+02 2.91600000e+02 3.48000000e+01
 1.00000000e+00 3.00000000e+01 3.40000000e+01 5.72500000e+02 4.85900000e+02 2.91500000e+02 3.48000000e+01
 1.00000000e+00 3.00000000e+01 3.50000000e+01 5.72400000e+02 4.85800000e+02 2.91400000e+02 3.48000000e+01
 1.00000000e+00 3.00000000e+01 3.60000000e+01 5.72400000e+02 4.85600000e+02 2.91300000e+02 3.48000000e+01
 1.00000000e+00 3.00000000e+01 3.70000000e+01 5.72300000e+02 4.85500000e+02 2.91200000e+02 3.48000000e+01
 1.00000000e+00 3.00000000e+01 3.80000000e+01 5.72300000e+02 4.85400000e+02 2.91100000e+02 3.48000000e+01
 1.00000000e+00 3.00000000e+01 3.90000000e+01 5.72200000e+02 4.85200000e+02 2.91000000e+02 3.48000000e+01
 1.00000000e+00 3.00000000e+01 4.00000000e+01 5.72100000e+02 4.85100000e+02 2.91000000e+02 3.48000000e+01
 1.00000000e+00 3.00000000e+01 4.10000000e+01 5.72000000e+02 4.85000000e+02 2.90900000e+02 3.48000000e+01
 1.00000000e+00 3.00000000e+01 4.20000000e+01 5.71900000e+02 4.85000000e+02 2.90800000e+02 3.48000000e+01
 1.00000000e+00 3.00000000e+01 4.30000000e+01 5.71900000e+02 4.84800000e+02 2.90700000e+02 3.48000000e+01
 1.00000000e+00 3.00000000e+01 4.40000000e+01 5.71900000e+02 4.84700000e+02 2.90600000e+02 3.48000000e+01
 1.00000000e+00 3.00000000e+01 4.50000000e+01 5.71800000e+02 4.84600000e+02 2.90500000e+02 3.48000000e+01
 1.00000000e+00 3.00000000e+01 4.60000000e+01 5.71700000e+02 4.84400000e+02 2.90400000e+02 3.48000000e+01
 1.00000000e+00 3.00000000e+01 4.70000000e+01 5.71700000e+02 4.84300000e+02 2.90300000e+02 3.48000000e+01
 1.00000000e+00 3.00000000e+01 4.80000000e+01 5.71600000e+02 4.84200000e+02 2.90300000e+02 3.49000000e+01
 1.00000000e+00 3.00000000e+01 4.90000000e+01 5.71500000e+02 4.84000000e+02 2.90200000e+02 3.49000000e+01
 1.00000000e+00 3.00000000e+01 5.00000000e+01 5.71500000e+02 4.84000000e+02 2.90100000e+02 3.49000000e+01
 1.00000000e+00 3.00000000e+01 5.10000000e+01 5.71500000e+02 4.83900000e+02 2.90000000e+02 3.49000000e+01
 1.00000000e+00 3.00000000e+01 5.20000000e+01 5.71400000e+02 4.83800000e+02 2.89900000e+02 3.50000000e+01
 1.00000000e+00 3.00000000e+01 5.30000000e+01 5.71300000e+02 4.83600000e+02 2.89800000e+02 3.50000000e+01
 1.00000000e+00 3.00000000e+01 5.40000000e+01 5.71200000e+02 4.83500000e+02 2.89700000e+02 3.50000000e+01
 1.00000000e+00 3.00000000e+01 5.50000000e+01 5.71200000e+02 4.83400000e+02 2.89700000e+02 3.49000000e+01
 1.00000000e+00 3.00000000e+01 5.60000000e+01 5.71100000e+02 4.83400000e+02 2.89700000e+02 3.50000000e+01
 1.00000000e+00 3.00000000e+01 5.70000000e+01 5.71000000e+02 4.83300000e+02 2.89600000e+02 3.50000000e+01
 1.00000000e+00 3.00000000e+01 5.80000000e+01 5.71000000e+02 4.83100000e+02 2.89500000e+02 3.50000000e+01
 1.00000000e+00 3.00000000e+01 5.90000000e+01 5.71000000e+02 4.83000000e+02 2.89400000e+02 3.50000000e+01
 1.00000000e+00 3.10000000e+01 0.00000000e+00 5.70900000e+02 4.82900000e+02 2.89300000e+02 3.50000000e+01
 1.00000000e+00 3.10000000e+01 1.00000000e+00 5.70800000e+02 4.82800000e+02 2.89300000e+02 3.50000000e+01
 1.00000000e+00 3.10000000e+01 2.00000000e+00 5.70800000e+02 4.82700000e+02 2.89300000e+02 3.50000000e+01
 1.00000000e+00 3.10000000e+01 3.00000000e+00 5.70700000e+02 4.82500000e+02 2.89200000e+02 3.51000000e+01
 1.00000000e+00 3.10000000e+01 4.00000000e+00 5.70700000e+02 4.82500000e+02 2.89100000e+02 3.51000000e+01
 1.00000000e+00 3.10000000e+01 5.00000000e+00 5.70600000e+02 4.82400000e+02 2.89000000e+02 3.51000000e+01
 1.00000000e+00 3.10000000e+01 6.00000000e+00 5.70600000e+02 4.82300000e+02 2.88900000e+02 3.51000000e+01
 1.00000000e+00 3.10000000e+01 7.00000000e+00 5.70500000e+02 4.82100000e+02 2.88800000e+02 3.51000000e+01
 1.00000000e+00 3.10000000e+01 8.00000000e+00 5.70500000e+02 4.82000000e+02 2.88700000e+02 3.51000000e+01
 1.00000000e+00 3.10000000e+01 9.00000000e+00 5.70400000e+02 4.81900000e+02 2.88600000e+02 3.51000000e+01
 1.00000000e+00 3.10000000e+01 1.00000000e+01 5.70300000e+02 4.81800000e+02 2.88600000e+02 3.51000000e+01
 1.00000000e+00 3.10000000e+01 1.10000000e+01 5.70300000e+02 4.81600000e+02 2.88500000e+02 3.51000000e+01
 1.00000000e+00 3.10000000e+01 1.20000000e+01 5.70200000e+02 4.81600000e+02 2.88400000e+02 3.51000000e+01
 1.00000000e+00 3.10000000e+01 1.30000000e+01 5.70100000e+02 4.81500000e+02 2.88400000e+02 3.51000000e+01
 1.00000000e+00 3.10000000e+01 1.40000000e+01 5.70100000e+02 4.81400000e+02 2.88300000e+02 3.51000000e+01
 1.00000000e+00 3.10000000e+01 1.50000000e+01 5.70100000e+02 4.81200000e+02 2.88200000e+02 3.51000000e+01
 1.00000000e+00 3.10000000e+01 1.60000000e+01 5.70000000e+02 4.81100000e+02 2.88100000e+02 3.51000000e+01
 1.00000000e+00 3.10000000e+01 1.70000000e+01 5.69900000e+02 4.81000000e+02 2.88000000e+02 3.50000000e+01
 1.00000000e+00 3.10000000e+01 1.80000000e+01 5.69800000e+02 4.80800000e+02 2.88000000e+02 3.50000000e+01
 1.00000000e+00 3.10000000e+01 1.90000000e+01 5.69800000e+02 4.80700000e+02 2.87900000e+02 3.50000000e+01
 1.00000000e+00 3.10000000e+01 2.00000000e+01 5.69800000e+02 4.80700000e+02 2.87800000e+02 3.50000000e+01
 1.00000000e+00 3.10000000e+01 2.10000000e+01 5.69700000e+02 4.80600000e+02 2.87700000e+02 3.50000000e+01
 1.00000000e+00 3.10000000e+01 2.20000000e+01 5.69600000e+02 4.80500000e+02 2.87600000e+02 3.50000000e+01
 1.00000000e+00 3.10000000e+01 2.30000000e+01 5.69500000e+02 4.80300000e+02 2.87500000e+02 3.50000000e+01
 1.00000000e+00 3.10000000e+01 2.40000000e+01 5.69400000e+02 4.80200000e+02 2.87400000e+02 3.50000000e+01
 1.00000000e+00 3.10000000e+01 2.50000000e+01 5.69400000e+02 4.80100000e+02 2.87300000e+02 3.50000000e+01
 1.00000000e+00 3.10000000e+01 2.60000000e+01 5.69300000e+02 4.80100000e+02 2.87300000e+02 3.51000000e+01
 1.00000000e+00 3.10000000e+01 2.70000000e+01 5.69200000e+02 4.79900000e+02 2.87200000e+02 3.51000000e+01
 1.00000000e+00 3.10000000e+01 2.80000000e+01 5.69200000e+02 4.79800000e+02 2.87100000e+02 3.51000000e+01
 1.00000000e+00 3.10000000e+01 2.90000000e+01 5.69100000e+02 4.79700000e+02 2.87000000e+02 3.51000000e+01
 1.00000000e+00 3.10000000e+01 3.00000000e+01 5.69100000e+02 4.79500000e+02 2.87000000e+02 3.51000000e+01
 1.00000000e+00 3.10000000e+01 3.10000000e+01 5.69000000e+02 4.79400000e+02 2.86900000e+02 3.51000000e+01
 1.00000000e+00 3.10000000e+01 3.20000000e+01 5.68900000e+02 4.79300000e+02 2.86900000e+02 3.51000000e+01
 1.00000000e+00 3.10000000e+01 3.30000000e+01 5.68900000e+02 4.79100000e+02 2.86800000e+02 3.51000000e+01
 1.00000000e+00 3.10000000e+01 3.40000000e+01 5.68800000e+02 4.79000000e+02 2.86700000e+02 3.51000000e+01
 1.00000000e+00 3.10000000e+01 3.50000000e+01 5.68800000e+02 4.79000000e+02 2.86600000e+02 3.51000000e+01
 1.00000000e+00 3.10000000e+01 3.60000000e+01 5.68700000e+02 4.78900000e+02 2.86500000e+02 3.51000000e+01
 1.00000000e+00 3.10000000e+01 3.70000000e+01 5.68700000e+02 4.78700000e+02 2.86400000e+02 3.51000000e+01
 1.00000000e+00 3.10000000e+01 3.80000000e+01 5.68600000e+02 4.78600000e+02 2.86300000e+02 3.51000000e+01
 1.00000000e+00 3.10000000e+01 3.90000000e+01 5.68500000e+02 4.78500000e+02 2.86300000e+02 3.51000000e+01
 1.00000000e+00 3.10000000e+01 4.00000000e+01 5.68500000e+02 4.78400000e+02 2.86200000e+02 3.51000000e+01
 1.00000000e+00 3.10000000e+01 4.10000000e+01 5.68400000e+02 4.78300000e+02 2.86100000e+02 3.51000000e+01
 1.00000000e+00 3.10000000e+01 4.20000000e+01 5.68400000e+02 4.78300000e+02 2.86000000e+02 3.51000000e+01
 1.00000000e+00 3.10000000e+01 4.30000000e+01 5.68300000e+02 4.78100000e+02 2.85900000e+02 3.51000000e+01
 1.00000000e+00 3.10000000e+01 4.40000000e+01 5.68300000e+02 4.78000000e+02 2.85900000e+02 3.52000000e+01
 1.00000000e+00 3.10000000e+01 4.50000000e+01 5.68200000e+02 4.77900000e+02 2.85800000e+02 3.52000000e+01
 1.00000000e+00 3.10000000e+01 4.60000000e+01 5.68200000e+02 4.77800000e+02 2.85700000e+02 3.52000000e+01
 1.00000000e+00 3.10000000e+01 4.70000000e+01 5.68100000e+02 4.77700000e+02 2.85700000e+02 3.52000000e+01
 1.00000000e+00 3.10000000e+01 4.80000000e+01 5.68000000e+02 4.77500000e+02 2.85700000e+02 3.52000000e+01
 1.00000000e+00 3.10000000e+01 4.90000000e+01 5.67900000e+02 4.77500000e+02 2.85600000e+02 3.53000000e+01
 1.00000000e+00 3.10000000e+01 5.00000000e+01 5.67800000e+02 4.77400000e+02 2.85500000e+02 3.53000000e+01
 1.00000000e+00 3.10000000e+01 5.10000000e+01 5.67800000e+02 4.77300000e+02 2.85500000e+02 3.52000000e+01
 1.00000000e+00 3.10000000e+01 5.20000000e+01 5.67800000e+02 4.77200000e+02 2.85400000e+02 3.52000000e+01
 1.00000000e+00 3.10000000e+01 5.30000000e+01 5.67700000e+02 4.77000000e+02 2.85300000e+02 3.52000000e+01
 1.00000000e+00 3.10000000e+01 5.40000000e+01 5.67600000e+02 4.76900000e+02 2.85200000e+02 3.52000000e+01
 1.00000000e+00 3.10000000e+01 5.50000000e+01 5.67500000e+02 4.76800000e+02 2.85200000e+02 3.52000000e+01
 1.00000000e+00 3.10000000e+01 5.60000000e+01 5.67500000e+02 4.76700000e+02 2.85200000e+02 3.52000000e+01
 1.00000000e+00 3.10000000e+01 5.70000000e+01 5.67400000e+02 4.76700000e+02 2.85100000e+02 3.52000000e+01
 1.00000000e+00 3.10000000e+01 5.80000000e+01 5.67300000e+02 4.76500000e+02 2.85000000e+02 3.52000000e+01
 1.00000000e+00 3.10000000e+01 5.90000000e+01 5.67300000e+02 4.76400000e+02 2.85000000e+02 3.52000000e+01
 1.00000000e+00 3.20000000e+01 0.00000000e+00 5.67200000e+02 4.76300000e+02 2.84900000e+02 3.52000000e+01
 1.00000000e+00 3.20000000e+01 1.00000000e+00 5.67200000e+02 4.76100000e+02 2.84800000e+02 3.52000000e+01
 1.00000000e+00 3.20000000e+01 2.00000000e+00 5.67100000e+02 4.76000000e+02 2.84700000e+02 3.52000000e+01
 1.00000000e+00 3.20000000e+01 3.00000000e+00 5.67000000e+02 4.75900000e+02 2.84700000e+02 3.51000000e+01
 1.00000000e+00 3.20000000e+01 4.00000000e+00 5.66900000e+02 4.75800000e+02 2.84600000e+02 3.51000000e+01
 1.00000000e+00 3.20000000e+01 5.00000000e+00 5.66900000e+02 4.75800000e+02 2.84600000e+02 3.51000000e+01
 1.00000000e+00 3.20000000e+01 6.00000000e+00 5.66900000e+02 4.75600000e+02 2.84500000e+02 3.51000000e+01
 1.00000000e+00 3.20000000e+01 7.00000000e+00 5.66800000e+02 4.75500000e+02 2.84400000e+02 3.51000000e+01
 1.00000000e+00 3.20000000e+01 8.00000000e+00 5.66700000e+02 4.75400000e+02 2.84300000e+02 3.51000000e+01
 1.00000000e+00 3.20000000e+01 9.00000000e+00 5.66600000e+02 4.75200000e+02 2.84200000e+02 3.51000000e+01
 1.00000000e+00 3.20000000e+01 1.00000000e+01 5.66600000e+02 4.75100000e+02 2.84200000e+02 3.51000000e+01
 1.00000000e+00 3.20000000e+01 1.10000000e+01 5.66500000e+02 4.75100000e+02 2.84200000e+02 3.51000000e+01
 1.00000000e+00 3.20000000e+01 1.20000000e+01 5.66400000e+02 4.75000000e+02 2.84100000e+02 3.52000000e+01
 1.00000000e+00 3.20000000e+01 1.30000000e+01 5.66400000e+02 4.74800000e+02 2.84000000e+02 3.52000000e+01
 1.00000000e+00 3.20000000e+01 1.40000000e+01 5.66300000e+02 4.74700000e+02 2.83900000e+02 3.52000000e+01
 1.00000000e+00 3.20000000e+01 1.50000000e+01 5.66300000e+02 4.74600000e+02 2.83800000e+02 3.52000000e+01
 1.00000000e+00 3.20000000e+01 1.60000000e+01 5.66200000e+02 4.74500000e+02 2.83700000e+02 3.52000000e+01
 1.00000000e+00 3.20000000e+01 1.70000000e+01 5.66100000e+02 4.74300000e+02 2.83700000e+02 3.52000000e+01
 1.00000000e+00 3.20000000e+01 1.80000000e+01 5.66000000e+02 4.74200000e+02 2.83700000e+02 3.52000000e+01
 1.00000000e+00 3.20000000e+01 1.90000000e+01 5.65900000e+02 4.74200000e+02 2.83600000e+02 3.52000000e+01
 1.00000000e+00 3.20000000e+01 2.00000000e+01 5.65900000e+02 4.74100000e+02 2.83500000e+02 3.52000000e+01
 1.00000000e+00 3.20000000e+01 2.10000000e+01 5.65900000e+02 4.74000000e+02 2.83400000e+02 3.52000000e+01
 1.00000000e+00 3.20000000e+01 2.20000000e+01 5.65800000e+02 4.73800000e+02 2.83300000e+02 3.52000000e+01
 1.00000000e+00 3.20000000e+01 2.30000000e+01 5.65700000e+02 4.73700000e+02 2.83300000e+02 3.52000000e+01
 1.00000000e+00 3.20000000e+01 2.40000000e+01 5.65600000e+02 4.73600000e+02 2.83200000e+02 3.52000000e+01
 1.00000000e+00 3.20000000e+01 2.50000000e+01 5.65500000e+02 4.73400000e+02 2.83200000e+02 3.51000000e+01
 1.00000000e+00 3.20000000e+01 2.60000000e+01 5.65500000e+02 4.73300000e+02 2.83100000e+02 3.51000000e+01
 1.00000000e+00 3.20000000e+01 2.70000000e+01 5.65400000e+02 4.73300000e+02 2.83000000e+02 3.51000000e+01
 1.00000000e+00 3.20000000e+01 2.80000000e+01 5.65300000e+02 4.73200000e+02 2.82900000e+02 3.51000000e+01
 1.00000000e+00 3.20000000e+01 2.90000000e+01 5.65300000e+02 4.73000000e+02 2.82900000e+02 3.51000000e+01
 1.00000000e+00 3.20000000e+01 3.00000000e+01 5.65200000e+02 4.72900000e+02 2.82800000e+02 3.51000000e+01
 1.00000000e+00 3.20000000e+01 3.10000000e+01 5.65200000e+02 4.72800000e+02 2.82700000e+02 3.51000000e+01
 1.00000000e+00 3.20000000e+01 3.20000000e+01 5.65100000e+02 4.72700000e+02 2.82600000e+02 3.51000000e+01
 1.00000000e+00 3.20000000e+01 3.30000000e+01 5.65000000e+02 4.72600000e+02 2.82600000e+02 3.51000000e+01
 1.00000000e+00 3.20000000e+01 3.40000000e+01 5.64900000e+02 4.72400000e+02 2.82500000e+02 3.51000000e+01
 1.00000000e+00 3.20000000e+01 3.50000000e+01 5.64900000e+02 4.72400000e+02 2.82400000e+02 3.51000000e+01
 1.00000000e+00 3.20000000e+01 3.60000000e+01 5.64900000e+02 4.72300000e+02 2.82400000e+02 3.51000000e+01
 1.00000000e+00 3.20000000e+01 3.70000000e+01 5.64800000e+02 4.72200000e+02 2.82300000e+02 3.51000000e+01
 1.00000000e+00 3.20000000e+01 3.80000000e+01 5.64700000e+02 4.72100000e+02 2.82200000e+02 3.51000000e+01
 1.00000000e+00 3.20000000e+01 3.90000000e+01 5.64600000e+02 4.71900000e+02 2.82100000e+02 3.51000000e+01
 1.00000000e+00 3.20000000e+01 4.00000000e+01 5.64600000e+02 4.71800000e+02 2.82000000e+02 3.51000000e+01
 1.00000000e+00 3.20000000e+01 4.10000000e+01 5.64500000e+02 4.71800000e+02 2.82000000e+02 3.51000000e+01
 1.00000000e+00 3.20000000e+01 4.20000000e+01 5.64400000e+02 4.71700000e+02 2.81900000e+02 3.51000000e+01
 1.00000000e+00 3.20000000e+01 4.30000000e+01 5.64400000e+02 4.71500000e+02 2.81800000e+02 3.50000000e+01
 1.00000000e+00 3.20000000e+01 4.40000000e+01 5.64300000e+02 4.71400000e+02 2.81700000e+02 3.50000000e+01
 1.00000000e+00 3.20000000e+01 4.50000000e+01 5.64300000e+02 4.71300000e+02 2.81700000e+02 3.50000000e+01
 1.00000000e+00 3.20000000e+01 4.60000000e+01 5.64200000e+02 4.71200000e+02 2.81600000e+02 3.50000000e+01
 1.00000000e+00 3.20000000e+01 4.70000000e+01 5.64100000e+02 4.71100000e+02 2.81600000e+02 3.50000000e+01
 1.00000000e+00 3.20000000e+01 4.80000000e+01 5.64100000e+02 4.71000000e+02 2.81500000e+02 3.50000000e+01
 1.00000000e+00 3.20000000e+01 4.90000000e+01 5.64000000e+02 4.71000000e+02 2.81400000e+02 3.50000000e+01
 1.00000000e+00 3.20000000e+01 5.00000000e+01 5.63900000e+02 4.70800000e+02 2.81400000e+02 3.50000000e+01
 1.00000000e+00 3.20000000e+01 5.10000000e+01 5.63900000e+02 4.70700000e+02 2.81300000e+02 3.50000000e+01
 1.00000000e+00 3.20000000e+01 5.20000000e+01 5.63900000e+02 4.70600000e+02 2.81200000e+02 3.50000000e+01
 1.00000000e+00 3.20000000e+01 5.30000000e+01 5.63800000e+02 4.70500000e+02 2.81100000e+02 3.50000000e+01
 1.00000000e+00 3.20000000e+01 5.40000000e+01 5.63700000e+02 4.70400000e+02 2.81000000e+02 3.50000000e+01
 1.00000000e+00 3.20000000e+01 5.50000000e+01 5.63600000e+02 4.70200000e+02 2.81000000e+02 3.50000000e+01
 1.00000000e+00 3.20000000e+01 5.60000000e+01 5.63600000e+02 4.70100000e+02 2.80900000e+02 3.51000000e+01
 1.00000000e+00 3.20000000e+01 5.70000000e+01 5.63500000e+02 4.70100000e+02 2.80900000e+02 3.51000000e+01
 1.00000000e+00 3.20000000e+01 5.80000000e+01 5.63400000e+02 4.70000000e+02 2.80800000e+02 3.51000000e+01
 1.00000000e+00 3.20000000e+01 5.90000000e+01 5.63400000e+02 4.69800000e+02 2.80700000e+02 3.52000000e+01
 1.00000000e+00 3.30000000e+01 0.00000000e+00 5.63300000e+02 4.69700000e+02 2.80600000e+02 3.52000000e+01
 1.00000000e+00 3.30000000e+01 1.00000000e+00 5.63200000e+02 4.69600000e+02 2.80500000e+02 3.52000000e+01
 1.00000000e+00 3.30000000e+01 2.00000000e+00 5.63200000e+02 4.69500000e+02 2.80400000e+02 3.52000000e+01
 1.00000000e+00 3.30000000e+01 3.00000000e+00 5.63100000e+02 4.69300000e+02 2.80400000e+02 3.52000000e+01
 1.00000000e+00 3.30000000e+01 4.00000000e+00 5.63000000e+02 4.69200000e+02 2.80300000e+02 3.51000000e+01
 1.00000000e+00 3.30000000e+01 5.00000000e+00 5.63000000e+02 4.69200000e+02 2.80300000e+02 3.51000000e+01
 1.00000000e+00 3.30000000e+01 6.00000000e+00 5.62900000e+02 4.69100000e+02 2.80200000e+02 3.51000000e+01
 1.00000000e+00 3.30000000e+01 7.00000000e+00 5.62800000e+02 4.68900000e+02 2.80100000e+02 3.51000000e+01
 1.00000000e+00 3.30000000e+01 8.00000000e+00 5.62700000e+02 4.68800000e+02 2.80000000e+02 3.51000000e+01
 1.00000000e+00 3.30000000e+01 9.00000000e+00 5.62700000e+02 4.68700000e+02 2.80000000e+02 3.51000000e+01
 1.00000000e+00 3.30000000e+01 1.00000000e+01 5.62600000e+02 4.68600000e+02 2.79900000e+02 3.51000000e+01
 1.00000000e+00 3.30000000e+01 1.10000000e+01 5.62500000e+02 4.68600000e+02 2.79900000e+02 3.51000000e+01
 1.00000000e+00 3.30000000e+01 1.20000000e+01 5.62400000e+02 4.68400000e+02 2.79800000e+02 3.51000000e+01
 1.00000000e+00 3.30000000e+01 1.30000000e+01 5.62400000e+02 4.68300000e+02 2.79700000e+02 3.51000000e+01
 1.00000000e+00 3.30000000e+01 1.40000000e+01 5.62300000e+02 4.68200000e+02 2.79700000e+02 3.51000000e+01
 1.00000000e+00 3.30000000e+01 1.50000000e+01 5.62300000e+02 4.68000000e+02 2.79600000e+02 3.51000000e+01
 1.00000000e+00 3.30000000e+01 1.60000000e+01 5.62200000e+02 4.67900000e+02 2.79500000e+02 3.51000000e+01
 1.00000000e+00 3.30000000e+01 1.70000000e+01 5.62100000e+02 4.67800000e+02 2.79500000e+02 3.51000000e+01
 1.00000000e+00 3.30000000e+01 1.80000000e+01 5.62000000e+02 4.67700000e+02 2.79500000e+02 3.51000000e+01
 1.00000000e+00 3.30000000e+01 1.90000000e+01 5.61900000e+02 4.67700000e+02 2.79400000e+02 3.51000000e+01
 1.00000000e+00 3.30000000e+01 2.00000000e+01 5.61800000e+02 4.67500000e+02 2.79300000e+02 3.51000000e+01
 1.00000000e+00 3.30000000e+01 2.10000000e+01 5.61800000e+02 4.67400000e+02 2.79200000e+02 3.51000000e+01
 1.00000000e+00 3.30000000e+01 2.20000000e+01 5.61700000e+02 4.67300000e+02 2.79200000e+02 3.51000000e+01
 1.00000000e+00 3.30000000e+01 2.30000000e+01 5.61700000e+02 4.67200000e+02 2.79100000e+02 3.51000000e+01
 1.00000000e+00 3.30000000e+01 2.40000000e+01 5.61600000e+02 4.67000000e+02 2.79000000e+02 3.51000000e+01
 1.00000000e+00 3.30000000e+01 2.50000000e+01 5.61500000e+02 4.66900000e+02 2.79000000e+02 3.51000000e+01
 1.00000000e+00 3.30000000e+01 2.60000000e+01 5.61400000e+02 4.66800000e+02 2.78900000e+02 3.51000000e+01
 1.00000000e+00 3.30000000e+01 2.70000000e+01 5.61400000e+02 4.66800000e+02 2.78900000e+02 3.51000000e+01
 1.00000000e+00 3.30000000e+01 2.80000000e+01 5.61300000e+02 4.66700000e+02 2.78800000e+02 3.51000000e+01
 1.00000000e+00 3.30000000e+01 2.90000000e+01 5.61300000e+02 4.66500000e+02 2.78700000e+02 3.50000000e+01
 1.00000000e+00 3.30000000e+01 3.00000000e+01 5.61200000e+02 4.66400000e+02 2.78600000e+02 3.50000000e+01
 1.00000000e+00 3.30000000e+01 3.10000000e+01 5.61100000e+02 4.66300000e+02 2.78600000e+02 3.50000000e+01
 1.00000000e+00 3.30000000e+01 3.20000000e+01 5.61000000e+02 4.66200000e+02 2.78500000e+02 3.50000000e+01
 1.00000000e+00 3.30000000e+01 3.30000000e+01 5.60900000e+02 4.66000000e+02 2.78500000e+02 3.50000000e+01
 1.00000000e+00 3.30000000e+01 3.40000000e+01 5.60800000e+02 4.65900000e+02 2.78400000e+02 3.50000000e+01
 1.00000000e+00 3.30000000e+01 3.50000000e+01 5.60800000e+02 4.65900000e+02 2.78300000e+02 3.50000000e+01
 1.00000000e+00 3.30000000e+01 3.60000000e+01 5.60700000e+02 4.65800000e+02 2.78300000e+02 3.50000000e+01
 1.00000000e+00 3.30000000e+01 3.70000000e+01 5.60700000e+02 4.65700000e+02 2.78200000e+02 3.51000000e+01
 1.00000000e+00 3.30000000e+01 3.80000000e+01 5.60600000e+02 4.65500000e+02 2.78100000e+02 3.51000000e+01
 1.00000000e+00 3.30000000e+01 3.90000000e+01 5.60500000e+02 4.65400000e+02 2.78000000e+02 3.51000000e+01
 1.00000000e+00 3.30000000e+01 4.00000000e+01 5.60400000e+02 4.65300000e+02 2.77900000e+02 3.51000000e+01
 1.00000000e+00 3.30000000e+01 4.10000000e+01 5.60300000e+02 4.65300000e+02 2.77900000e+02 3.51000000e+01
 1.00000000e+00 3.30000000e+01 4.20000000e+01 5.60200000e+02 4.65100000e+02 2.77900000e+02 3.51000000e+01
 1.00000000e+00 3.30000000e+01 4.30000000e+01 5.60200000e+02 4.65000000e+02 2.77800000e+02 3.50000000e+01
 1.00000000e+00 3.30000000e+01 4.40000000e+01 5.60200000e+02 4.64900000e+02 2.77700000e+02 3.50000000e+01
 1.00000000e+00 3.30000000e+01 4.50000000e+01 5.60100000e+02 4.64700000e+02 2.77600000e+02 3.50000000e+01
 1.00000000e+00 3.30000000e+01 4.60000000e+01 5.60000000e+02 4.64600000e+02 2.77600000e+02 3.50000000e+01
 1.00000000e+00 3.30000000e+01 4.70000000e+01 5.59900000e+02 4.64500000e+02 2.77600000e+02 3.50000000e+01
 1.00000000e+00 3.30000000e+01 4.80000000e+01 5.59800000e+02 4.64400000e+02 2.77500000e+02 3.50000000e+01
 1.00000000e+00 3.30000000e+01 4.90000000e+01 5.59800000e+02 4.64400000e+02 2.77400000e+02 3.50000000e+01
 1.00000000e+00 3.30000000e+01 5.00000000e+01 5.59700000e+02 4.64200000e+02 2.77400000e+02 3.50000000e+01
 1.00000000e+00 3.30000000e+01 5.10000000e+01 5.59700000e+02 4.64100000e+02 2.77300000e+02 3.51000000e+01
 1.00000000e+00 3.30000000e+01 5.20000000e+01 5.59600000e+02 4.64000000e+02 2.77200000e+02 3.51000000e+01
 1.00000000e+00 3.30000000e+01 5.30000000e+01 5.59500000e+02 4.63900000e+02 2.77100000e+02 3.51000000e+01
 1.00000000e+00 3.30000000e+01 5.40000000e+01 5.59400000e+02 4.63700000e+02 2.77100000e+02 3.51000000e+01
 1.00000000e+00 3.30000000e+01 5.50000000e+01 5.59300000e+02 4.63600000e+02 2.77100000e+02 3.51000000e+01
 1.00000000e+00 3.30000000e+01 5.60000000e+01 5.59300000e+02 4.63500000e+02 2.77000000e+02 3.51000000e+01
 1.00000000e+00 3.30000000e+01 5.70000000e+01 5.59200000e+02 4.63500000e+02 2.76900000e+02 3.51000000e+01
 1.00000000e+00 3.30000000e+01 5.80000000e+01 5.59100000e+02 4.63400000e+02 2.76900000e+02 3.51000000e+01
 1.00000000e+00 3.30000000e+01 5.90000000e+01 5.59100000e+02 4.63300000e+02 2.76800000e+02 3.51000000e+01
 1.00000000e+00 3.40000000e+01 0.00000000e+00 5.59000000e+02 4.63100000e+02 2.76700000e+02 3.51000000e+01
 1.00000000e+00 3.40000000e+01 1.00000000e+00 5.59000000e+02 4.63000000e+02 2.76700000e+02 3.51000000e+01
 1.00000000e+00 3.40000000e+01 2.00000000e+00 5.58900000e+02 4.62900000e+02 2.76600000e+02 3.52000000e+01
 1.00000000e+00 3.40000000e+01 3.00000000e+00 5.58800000e+02 4.62800000e+02 2.76600000e+02 3.52000000e+01
 1.00000000e+00 3.40000000e+01 4.00000000e+00 5.58700000e+02 4.62700000e+02 2.76600000e+02 3.52000000e+01
 1.00000000e+00 3.40000000e+01 5.00000000e+00 5.58700000e+02 4.62700000e+02 2.76500000e+02 3.52000000e+01
 1.00000000e+00 3.40000000e+01 6.00000000e+00 5.58700000e+02 4.62600000e+02 2.76500000e+02 3.52000000e+01
 1.00000000e+00 3.40000000e+01 7.00000000e+00 5.58600000e+02 4.62500000e+02 2.76400000e+02 3.52000000e+01
 1.00000000e+00 3.40000000e+01 8.00000000e+00 5.58500000e+02 4.62300000e+02 2.76300000e+02 3.53000000e+01
 1.00000000e+00 3.40000000e+01 9.00000000e+00 5.58400000e+02 4.62200000e+02 2.76200000e+02 3.53000000e+01
 1.00000000e+00 3.40000000e+01 1.00000000e+01 5.58300000e+02 4.62100000e+02 2.76100000e+02 3.53000000e+01
 1.00000000e+00 3.40000000e+01 1.10000000e+01 5.58200000e+02 4.62100000e+02 2.76100000e+02 3.53000000e+01
 1.00000000e+00 3.40000000e+01 1.20000000e+01 5.58200000e+02 4.62000000e+02 2.76100000e+02 3.53000000e+01
 1.00000000e+00 3.40000000e+01 1.30000000e+01 5.58200000e+02 4.61800000e+02 2.76000000e+02 3.53000000e+01
 1.00000000e+00 3.40000000e+01 1.40000000e+01 5.58100000e+02 4.61700000e+02 2.75900000e+02 3.53000000e+01
 1.00000000e+00 3.40000000e+01 1.50000000e+01 5.58000000e+02 4.61600000e+02 2.75800000e+02 3.52000000e+01
 1.00000000e+00 3.40000000e+01 1.60000000e+01 5.57900000e+02 4.61400000e+02 2.75700000e+02 3.52000000e+01
 1.00000000e+00 3.40000000e+01 1.70000000e+01 5.57800000e+02 4.61300000e+02 2.75700000e+02 3.52000000e+01
 1.00000000e+00 3.40000000e+01 1.80000000e+01 5.57700000e+02 4.61200000e+02 2.75600000e+02 3.52000000e+01
 1.00000000e+00 3.40000000e+01 1.90000000e+01 5.57600000e+02 4.61200000e+02 2.75500000e+02 3.52000000e+01
 1.00000000e+00 3.40000000e+01 2.00000000e+01 5.57600000e+02 4.61100000e+02 2.75400000e+02 3.52000000e+01
 1.00000000e+00 3.40000000e+01 2.10000000e+01 5.57600000e+02 4.60900000e+02 2.75400000e+02 3.52000000e+01
 1.00000000e+00 3.40000000e+01 2.20000000e+01 5.57500000e+02 4.60800000e+02 2.75300000e+02 3.52000000e+01
 1.00000000e+00 3.40000000e+01 2.30000000e+01 5.57400000e+02 4.60700000e+02 2.75200000e+02 3.52000000e+01
 1.00000000e+00 3.40000000e+01 2.40000000e+01 5.57300000e+02 4.60600000e+02 2.75100000e+02 3.52000000e+01
 1.00000000e+00 3.40000000e+01 2.50000000e+01 5.57200000e+02 4.60400000e+02 2.75100000e+02 3.52000000e+01
 1.00000000e+00 3.40000000e+01 2.60000000e+01 5.57100000e+02 4.60300000e+02 2.75000000e+02 3.52000000e+01
 1.00000000e+00 3.40000000e+01 2.70000000e+01 5.57100000e+02 4.60300000e+02 2.74900000e+02 3.52000000e+01
 1.00000000e+00 3.40000000e+01 2.80000000e+01 5.57000000e+02 4.60200000e+02 2.74800000e+02 3.53000000e+01
 1.00000000e+00 3.40000000e+01 2.90000000e+01 5.57000000e+02 4.60100000e+02 2.74700000e+02 3.53000000e+01
 1.00000000e+00 3.40000000e+01 3.00000000e+01 5.56900000e+02 4.59900000e+02 2.74700000e+02 3.53000000e+01
 1.00000000e+00 3.40000000e+01 3.10000000e+01 5.56800000e+02 4.59800000e+02 2.74600000e+02 3.53000000e+01
 1.00000000e+00 3.40000000e+01 3.20000000e+01 5.56700000e+02 4.59700000e+02 2.74500000e+02 3.53000000e+01
 1.00000000e+00 3.40000000e+01 3.30000000e+01 5.56700000e+02 4.59600000e+02 2.74500000e+02 3.53000000e+01
 1.00000000e+00 3.40000000e+01 3.40000000e+01 5.56600000e+02 4.59400000e+02 2.74400000e+02 3.54000000e+01
 1.00000000e+00 3.40000000e+01 3.50000000e+01 5.56600000e+02 4.59400000e+02 2.74400000e+02 3.54000000e+01
 1.00000000e+00 3.40000000e+01 3.60000000e+01 5.56500000e+02 4.59300000e+02 2.74300000e+02 3.54000000e+01
 1.00000000e+00 3.40000000e+01 3.70000000e+01 5.56400000e+02 4.59200000e+02 2.74200000e+02 3.54000000e+01
 1.00000000e+00 3.40000000e+01 3.80000000e+01 5.56300000e+02 4.59100000e+02 2.74100000e+02 3.53000000e+01
 1.00000000e+00 3.40000000e+01 3.90000000e+01 5.56200000e+02 4.58900000e+02 2.74100000e+02 3.53000000e+01
 1.00000000e+00 3.40000000e+01 4.00000000e+01 5.56200000e+02 4.58800000e+02 2.74000000e+02 3.53000000e+01
 1.00000000e+00 3.40000000e+01 4.10000000e+01 5.56100000e+02 4.58800000e+02 2.74000000e+02 3.53000000e+01
 1.00000000e+00 3.40000000e+01 4.20000000e+01 5.56000000e+02 4.58700000e+02 2.73900000e+02 3.53000000e+01
 1.00000000e+00 3.40000000e+01 4.30000000e+01 5.56000000e+02 4.58600000e+02 2.73800000e+02 3.53000000e+01
 1.00000000e+00 3.40000000e+01 4.40000000e+01 5.55900000e+02 4.58400000e+02 2.73700000e+02 3.53000000e+01
 1.00000000e+00 3.40000000e+01 4.50000000e+01 5.55800000e+02 4.58300000e+02 2.73700000e+02 3.52000000e+01
 1.00000000e+00 3.40000000e+01 4.60000000e+01 5.55700000e+02 4.58200000e+02 2.73600000e+02 3.52000000e+01
 1.00000000e+00 3.40000000e+01 4.70000000e+01 5.55700000e+02 4.58100000e+02 2.73600000e+02 3.52000000e+01
 1.00000000e+00 3.40000000e+01 4.80000000e+01 5.55600000e+02 4.57900000e+02 2.73500000e+02 3.52000000e+01
 1.00000000e+00 3.40000000e+01 4.90000000e+01 5.55500000e+02 4.57900000e+02 2.73400000e+02 3.52000000e+01
 1.00000000e+00 3.40000000e+01 5.00000000e+01 5.55400000e+02 4.57800000e+02 2.73300000e+02 3.52000000e+01
 1.00000000e+00 3.40000000e+01 5.10000000e+01 5.55400000e+02 4.57700000e+02 2.73200000e+02 3.52000000e+01
 1.00000000e+00 3.40000000e+01 5.20000000e+01 5.55300000e+02 4.57600000e+02 2.73100000e+02 3.52000000e+01
 1.00000000e+00 3.40000000e+01 5.30000000e+01 5.55200000e+02 4.57400000e+02 2.73000000e+02 3.52000000e+01
 1.00000000e+00 3.40000000e+01 5.40000000e+01 5.55100000e+02 4.57300000e+02 2.73000000e+02 3.52000000e+01
 1.00000000e+00 3.40000000e+01 5.50000000e+01 5.55100000e+02 4.57200000e+02 2.73000000e+02 3.53000000e+01
 1.00000000e+00 3.40000000e+01 5.60000000e+01 5.55000000e+02 4.57100000e+02 2.72900000e+02 3.53000000e+01
 1.00000000e+00 3.40000000e+01 5.70000000e+01 5.54900000e+02 4.57100000e+02 2.72800000e+02 3.53000000e+01
 1.00000000e+00 3.40000000e+01 5.80000000e+01 5.54800000e+02 4.57000000e+02 2.72700000e+02 3.53000000e+01
 1.00000000e+00 3.40000000e+01 5.90000000e+01 5.54800000e+02 4.56800000e+02 2.72600000e+02 3.53000000e+01
 1.00000000e+00 3.50000000e+01 0.00000000e+00 5.54700000e+02 4.56700000e+02 2.72500000e+02 3.53000000e+01
 1.00000000e+00 3.50000000e+01 1.00000000e+00 5.54600000e+02 4.56600000e+02 2.72500000e+02 3.53000000e+01
 1.00000000e+00 3.50000000e+01 2.00000000e+00 5.54500000e+02 4.56500000e+02 2.72400000e+02 3.53000000e+01
 1.00000000e+00 3.50000000e+01 3.00000000e+00 5.54500000e+02 4.56300000e+02 2.72400000e+02 3.53000000e+01
 1.00000000e+00 3.50000000e+01 4.00000000e+00 5.54400000e+02 4.56200000e+02 2.72300000e+02 3.53000000e+01
 1.00000000e+00 3.50000000e+01 5.00000000e+00 5.54400000e+02 4.56200000e+02 2.72200000e+02 3.53000000e+01
 1.00000000e+00 3.50000000e+01 6.00000000e+00 5.54300000e+02 4.56100000e+02 2.72200000e+02 3.53000000e+01
 1.00000000e+00 3.50000000e+01 7.00000000e+00 5.54200000e+02 4.56000000e+02 2.72100000e+02 3.53000000e+01
 1.00000000e+00 3.50000000e+01 8.00000000e+00 5.54100000e+02 4.55800000e+02 2.72000000e+02 3.54000000e+01
 1.00000000e+00 3.50000000e+01 9.00000000e+00 5.54000000e+02 4.55700000e+02 2.72000000e+02 3.54000000e+01
 1.00000000e+00 3.50000000e+01 1.00000000e+01 5.53900000e+02 4.55600000e+02 2.71900000e+02 3.54000000e+01
 1.00000000e+00 3.50000000e+01 1.10000000e+01 5.53800000e+02 4.55600000e+02 2.71900000e+02 3.54000000e+01
 1.00000000e+00 3.50000000e+01 1.20000000e+01 5.53700000e+02 4.55500000e+02 2.71800000e+02 3.54000000e+01
 1.00000000e+00 3.50000000e+01 1.30000000e+01 5.53700000e+02 4.55300000e+02 2.71800000e+02 3.54000000e+01
 1.00000000e+00 3.50000000e+01 1.40000000e+01 5.53600000e+02 4.55200000e+02 2.71700000e+02 3.54000000e+01
 1.00000000e+00 3.50000000e+01 1.50000000e+01 5.53500000e+02 4.55100000e+02 2.71600000e+02 3.54000000e+01
 1.00000000e+00 3.50000000e+01 1.60000000e+01 5.53400000e+02 4.55000000e+02 2.71600000e+02 3.54000000e+01
 1.00000000e+00 3.50000000e+01 1.70000000e+01 5.53300000e+02 4.54800000e+02 2.71600000e+02 3.54000000e+01
 1.00000000e+00 3.50000000e+01 1.80000000e+01 5.53200000e+02 4.54700000e+02 2.71500000e+02 3.54000000e+01
 1.00000000e+00 3.50000000e+01 1.90000000e+01 5.53100000e+02 4.54600000e+02 2.71400000e+02 3.54000000e+01
 1.00000000e+00 3.50000000e+01 2.00000000e+01 5.53100000e+02 4.54600000e+02 2.71300000e+02 3.54000000e+01
 1.00000000e+00 3.50000000e+01 2.10000000e+01 5.53000000e+02 4.54500000e+02 2.71300000e+02 3.54000000e+01
 1.00000000e+00 3.50000000e+01 2.20000000e+01 5.53000000e+02 4.54300000e+02 2.71200000e+02 3.54000000e+01
 1.00000000e+00 3.50000000e+01 2.30000000e+01 5.52900000e+02 4.54200000e+02 2.71100000e+02 3.54000000e+01
 1.00000000e+00 3.50000000e+01 2.40000000e+01 5.52800000e+02 4.54100000e+02 2.71000000e+02 3.54000000e+01
 1.00000000e+00 3.50000000e+01 2.50000000e+01 5.52700000e+02 4.54000000e+02 2.71000000e+02 3.54000000e+01
 1.00000000e+00 3.50000000e+01 2.60000000e+01 5.52600000e+02 4.53900000e+02 2.71000000e+02 3.54000000e+01
 1.00000000e+00 3.50000000e+01 2.70000000e+01 5.52600000e+02 4.53900000e+02 2.70900000e+02 3.54000000e+01
 1.00000000e+00 3.50000000e+01 2.80000000e+01 5.52600000e+02 4.53700000e+02 2.70800000e+02 3.54000000e+01
 1.00000000e+00 3.50000000e+01 2.90000000e+01 5.52500000e+02 4.53600000e+02 2.70800000e+02 3.54000000e+01
 1.00000000e+00 3.50000000e+01 3.00000000e+01 5.52400000e+02 4.53500000e+02 2.70700000e+02 3.54000000e+01
 1.00000000e+00 3.50000000e+01 3.10000000e+01 5.52300000e+02 4.53400000e+02 2.70600000e+02 3.54000000e+01
 1.00000000e+00 3.50000000e+01 3.20000000e+01 5.52200000e+02 4.53200000e+02 2.70600000e+02 3.54000000e+01
 1.00000000e+00 3.50000000e+01 3.30000000e+01 5.52100000e+02 4.53100000e+02 2.70500000e+02 3.54000000e+01
 1.00000000e+00 3.50000000e+01 3.40000000e+01 5.52000000e+02 4.53100000e+02 2.70500000e+02 3.54000000e+01
 1.00000000e+00 3.50000000e+01 3.50000000e+01 5.51900000e+02 4.53000000e+02 2.70400000e+02 3.54000000e+01
 1.00000000e+00 3.50000000e+01 3.60000000e+01 5.51900000e+02 4.52900000e+02 2.70300000e+02 3.54000000e+01
 1.00000000e+00 3.50000000e+01 3.70000000e+01 5.51800000e+02 4.52700000e+02 2.70200000e+02 3.54000000e+01
 1.00000000e+00 3.50000000e+01 3.80000000e+01 5.51700000e+02 4.52600000e+02 2.70200000e+02 3.54000000e+01
 1.00000000e+00 3.50000000e+01 3.90000000e+01 5.51600000e+02 4.52500000e+02 2.70100000e+02 3.54000000e+01
 1.00000000e+00 3.50000000e+01 4.00000000e+01 5.51500000e+02 4.52400000e+02 2.70100000e+02 3.54000000e+01
 1.00000000e+00 3.50000000e+01 4.10000000e+01 5.51500000e+02 4.52200000e+02 2.70000000e+02 3.54000000e+01
 1.00000000e+00 3.50000000e+01 4.20000000e+01 5.51400000e+02 4.52200000e+02 2.70000000e+02 3.54000000e+01
 1.00000000e+00 3.50000000e+01 4.30000000e+01 5.51300000e+02 4.52100000e+02 2.69900000e+02 3.54000000e+01
 1.00000000e+00 3.50000000e+01 4.40000000e+01 5.51300000e+02 4.52000000e+02 2.69800000e+02 3.54000000e+01
 1.00000000e+00 3.50000000e+01 4.50000000e+01 5.51200000e+02 4.51900000e+02 2.69800000e+02 3.54000000e+01
 1.00000000e+00 3.50000000e+01 4.60000000e+01 5.51100000e+02 4.51700000e+02 2.69700000e+02 3.54000000e+01
 1.00000000e+00 3.50000000e+01 4.70000000e+01 5.51000000e+02 4.51600000e+02 2.69600000e+02 3.54000000e+01
 1.00000000e+00 3.50000000e+01 4.80000000e+01 5.50900000e+02 4.51500000e+02 2.69600000e+02 3.54000000e+01
 1.00000000e+00 3.50000000e+01 4.90000000e+01 5.50800000e+02 4.51400000e+02 2.69500000e+02 3.54000000e+01
 1.00000000e+00 3.50000000e+01 5.00000000e+01 5.50800000e+02 4.51400000e+02 2.69400000e+02 3.54000000e+01
 1.00000000e+00 3.50000000e+01 5.10000000e+01 5.50700000e+02 4.51200000e+02 2.69400000e+02 3.54000000e+01
 1.00000000e+00 3.50000000e+01 5.20000000e+01 5.50600000e+02 4.51100000e+02 2.69300000e+02 3.54000000e+01
 1.00000000e+00 3.50000000e+01 5.30000000e+01 5.50500000e+02 4.51000000e+02 2.69200000e+02 3.54000000e+01
 1.00000000e+00 3.50000000e+01 5.40000000e+01 5.50500000e+02 4.50900000e+02 2.69100000e+02 3.54000000e+01
 1.00000000e+00 3.50000000e+01 5.50000000e+01 5.50400000e+02 4.50800000e+02 2.69100000e+02 3.54000000e+01
 1.00000000e+00 3.50000000e+01 5.60000000e+01 5.50300000e+02 4.50800000e+02 2.69100000e+02 3.54000000e+01
 1.00000000e+00 3.50000000e+01 5.70000000e+01 5.50200000e+02 4.50700000e+02 2.69000000e+02 3.54000000e+01
 1.00000000e+00 3.50000000e+01 5.80000000e+01 5.50200000e+02 4.50500000e+02 2.69000000e+02 3.55000000e+01
 1.00000000e+00 3.50000000e+01 5.90000000e+01 5.50100000e+02 4.50400000e+02 2.68900000e+02 3.55000000e+01
 1.00000000e+00 3.60000000e+01 0.00000000e+00 5.50000000e+02 4.50300000e+02 2.68800000e+02 3.55000000e+01
 1.00000000e+00 3.60000000e+01 1.00000000e+00 5.49900000e+02 4.50200000e+02 2.68800000e+02 3.55000000e+01
 1.00000000e+00 3.60000000e+01 2.00000000e+00 5.49800000e+02 4.50000000e+02 2.68800000e+02 3.55000000e+01
 1.00000000e+00 3.60000000e+01 3.00000000e+00 5.49700000e+02 4.49900000e+02 2.68700000e+02 3.55000000e+01
 1.00000000e+00 3.60000000e+01 4.00000000e+00 5.49600000e+02 4.49900000e+02 2.68600000e+02 3.55000000e+01
 1.00000000e+00 3.60000000e+01 5.00000000e+00 5.49500000e+02 4.49800000e+02 2.68600000e+02 3.55000000e+01
 1.00000000e+00 3.60000000e+01 6.00000000e+00 5.49500000e+02 4.49600000e+02 2.68500000e+02 3.55000000e+01
 1.00000000e+00 3.60000000e+01 7.00000000e+00 5.49400000e+02 4.49500000e+02 2.68400000e+02 3.55000000e+01
 1.00000000e+00 3.60000000e+01 8.00000000e+00 5.49400000e+02 4.49400000e+02 2.68400000e+02 3.55000000e+01
 1.00000000e+00 3.60000000e+01 9.00000000e+00 5.49300000e+02 4.49300000e+02 2.68300000e+02 3.55000000e+01
 1.00000000e+00 3.60000000e+01 1.00000000e+01 5.49200000e+02 4.49200000e+02 2.68300000e+02 3.55000000e+01
 1.00000000e+00 3.60000000e+01 1.10000000e+01 5.49100000e+02 4.49100000e+02 2.68200000e+02 3.55000000e+01
 1.00000000e+00 3.60000000e+01 1.20000000e+01 5.49000000e+02 4.49100000e+02 2.68200000e+02 3.55000000e+01
 1.00000000e+00 3.60000000e+01 1.30000000e+01 5.48900000e+02 4.49000000e+02 2.68100000e+02 3.55000000e+01
 1.00000000e+00 3.60000000e+01 1.40000000e+01 5.48900000e+02 4.48800000e+02 2.68000000e+02 3.55000000e+01
 1.00000000e+00 3.60000000e+01 1.50000000e+01 5.48800000e+02 4.48700000e+02 2.68000000e+02 3.55000000e+01
 1.00000000e+00 3.60000000e+01 1.60000000e+01 5.48700000e+02 4.48600000e+02 2.67900000e+02 3.55000000e+01
 1.00000000e+00 3.60000000e+01 1.70000000e+01 5.48600000e+02 4.48500000e+02 2.67900000e+02 3.55000000e+01
 1.00000000e+00 3.60000000e+01 1.80000000e+01 5.48500000e+02 4.48300000e+02 2.67900000e+02 3.55000000e+01
 1.00000000e+00 3.60000000e+01 1.90000000e+01 5.48400000e+02 4.48200000e+02 2.67800000e+02 3.56000000e+01
 1.00000000e+00 3.60000000e+01 2.00000000e+01 5.48400000e+02 4.48200000e+02 2.67800000e+02 3.56000000e+01
 1.00000000e+00 3.60000000e+01 2.10000000e+01 5.48400000e+02 4.48100000e+02 2.67700000e+02 3.56000000e+01
 1.00000000e+00 3.60000000e+01 2.20000000e+01 5.48300000e+02 4.48000000e+02 2.67600000e+02 3.56000000e+01
 1.00000000e+00 3.60000000e+01 2.30000000e+01 5.48200000e+02 4.47900000e+02 2.67500000e+02 3.56000000e+01
 1.00000000e+00 3.60000000e+01 2.40000000e+01 5.48100000e+02 4.47700000e+02 2.67500000e+02 3.56000000e+01
 1.00000000e+00 3.60000000e+01 2.50000000e+01 5.48000000e+02 4.47600000e+02 2.67400000e+02 3.56000000e+01
 1.00000000e+00 3.60000000e+01 2.60000000e+01 5.47900000e+02 4.47600000e+02 2.67400000e+02 3.56000000e+01
 1.00000000e+00 3.60000000e+01 2.70000000e+01 5.47800000e+02 4.47500000e+02 2.67300000e+02 3.56000000e+01
 1.00000000e+00 3.60000000e+01 2.80000000e+01 5.47800000e+02 4.47400000e+02 2.67300000e+02 3.56000000e+01
 1.00000000e+00 3.60000000e+01 2.90000000e+01 5.47700000e+02 4.47200000e+02 2.67200000e+02 3.56000000e+01
 1.00000000e+00 3.60000000e+01 3.00000000e+01 5.47600000e+02 4.47100000e+02 2.67100000e+02 3.56000000e+01
 1.00000000e+00 3.60000000e+01 3.10000000e+01 5.47500000e+02 4.47000000e+02 2.67100000e+02 3.56000000e+01
 1.00000000e+00 3.60000000e+01 3.20000000e+01 5.47400000e+02 4.46900000e+02 2.67100000e+02 3.56000000e+01
 1.00000000e+00 3.60000000e+01 3.30000000e+01 5.47300000e+02 4.46800000e+02 2.67000000e+02 3.57000000e+01
 1.00000000e+00 3.60000000e+01 3.40000000e+01 5.47200000e+02 4.46800000e+02 2.66900000e+02 3.56000000e+01
 1.00000000e+00 3.60000000e+01 3.50000000e+01 5.47100000e+02 4.46600000e+02 2.66800000e+02 3.56000000e+01
 1.00000000e+00 3.60000000e+01 3.60000000e+01 5.47100000e+02 4.46500000e+02 2.66700000e+02 3.56000000e+01
 1.00000000e+00 3.60000000e+01 3.70000000e+01 5.47000000e+02 4.46400000e+02 2.66700000e+02 3.56000000e+01
 1.00000000e+00 3.60000000e+01 3.80000000e+01 5.46900000e+02 4.46300000e+02 2.66600000e+02 3.56000000e+01
 1.00000000e+00 3.60000000e+01 3.90000000e+01 5.46800000e+02 4.46200000e+02 2.66500000e+02 3.56000000e+01
 1.00000000e+00 3.60000000e+01 4.00000000e+01 5.46800000e+02 4.46100000e+02 2.66500000e+02 3.56000000e+01
 1.00000000e+00 3.60000000e+01 4.10000000e+01 5.46700000e+02 4.45900000e+02 2.66400000e+02 3.56000000e+01
 1.00000000e+00 3.60000000e+01 4.20000000e+01 5.46600000e+02 4.45900000e+02 2.66300000e+02 3.56000000e+01
 1.00000000e+00 3.60000000e+01 4.30000000e+01 5.46500000e+02 4.45800000e+02 2.66300000e+02 3.56000000e+01
 1.00000000e+00 3.60000000e+01 4.40000000e+01 5.46500000e+02 4.45700000e+02 2.66200000e+02 3.56000000e+01
 1.00000000e+00 3.60000000e+01 4.50000000e+01 5.46400000e+02 4.45600000e+02 2.66100000e+02 3.56000000e+01
 1.00000000e+00 3.60000000e+01 4.60000000e+01 5.46300000e+02 4.45500000e+02 2.66000000e+02 3.56000000e+01
 1.00000000e+00 3.60000000e+01 4.70000000e+01 5.46200000e+02 4.45300000e+02 2.65900000e+02 3.56000000e+01
 1.00000000e+00 3.60000000e+01 4.80000000e+01 5.46100000e+02 4.45200000e+02 2.65900000e+02 3.56000000e+01
 1.00000000e+00 3.60000000e+01 4.90000000e+01 5.46000000e+02 4.45100000e+02 2.65900000e+02 3.56000000e+01
 1.00000000e+00 3.60000000e+01 5.00000000e+01 5.46000000e+02 4.45100000e+02 2.65800000e+02 3.56000000e+01
 1.00000000e+00 3.60000000e+01 5.10000000e+01 5.45900000e+02 4.45000000e+02 2.65700000e+02 3.56000000e+01
 1.00000000e+00 3.60000000e+01 5.20000000e+01 5.45800000e+02 4.44900000e+02 2.65700000e+02 3.56000000e+01
 1.00000000e+00 3.60000000e+01 5.30000000e+01 5.45700000e+02 4.44800000e+02 2.65600000e+02 3.56000000e+01
 1.00000000e+00 3.60000000e+01 5.40000000e+01 5.45700000e+02 4.44700000e+02 2.65600000e+02 3.56000000e+01
 1.00000000e+00 3.60000000e+01 5.50000000e+01 5.45600000e+02 4.44600000e+02 2.65500000e+02 3.56000000e+01
 1.00000000e+00 3.60000000e+01 5.60000000e+01 5.45500000e+02 4.44600000e+02 2.65500000e+02 3.56000000e+01
 1.00000000e+00 3.60000000e+01 5.70000000e+01 5.45400000e+02 4.44500000e+02 2.65400000e+02 3.57000000e+01
 1.00000000e+00 3.60000000e+01 5.80000000e+01 5.45400000e+02 4.44400000e+02 2.65300000e+02 3.57000000e+01
 1.00000000e+00 3.60000000e+01 5.90000000e+01 5.45300000e+02 4.44200000e+02 2.65300000e+02 3.57000000e+01
 1.00000000e+00 3.70000000e+01 0.00000000e+00 5.45200000e+02 4.44100000e+02 2.65200000e+02 3.56000000e+01
 1.00000000e+00 3.70000000e+01 1.00000000e+00 5.45100000e+02 4.44000000e+02 2.65100000e+02 3.56000000e+01
 1.00000000e+00 3.70000000e+01 2.00000000e+00 5.45000000e+02 4.43900000e+02 2.65100000e+02 3.56000000e+01
 1.00000000e+00 3.70000000e+01 3.00000000e+00 5.45000000e+02 4.43800000e+02 2.65100000e+02 3.56000000e+01
 1.00000000e+00 3.70000000e+01 4.00000000e+00 5.44900000e+02 4.43800000e+02 2.65000000e+02 3.56000000e+01
 1.00000000e+00 3.70000000e+01 5.00000000e+00 5.44800000e+02 4.43600000e+02 2.64900000e+02 3.56000000e+01
 1.00000000e+00 3.70000000e+01 6.00000000e+00 5.44800000e+02 4.43500000e+02 2.64800000e+02 3.56000000e+01
 1.00000000e+00 3.70000000e+01 7.00000000e+00 5.44600000e+02 4.43400000e+02 2.64800000e+02 3.56000000e+01
 1.00000000e+00 3.70000000e+01 8.00000000e+00 5.44500000e+02 4.43300000e+02 2.64700000e+02 3.56000000e+01
 1.00000000e+00 3.70000000e+01 9.00000000e+00 5.44400000e+02 4.43100000e+02 2.64600000e+02 3.56000000e+01
 1.00000000e+00 3.70000000e+01 1.00000000e+01 5.44300000e+02 4.43000000e+02 2.64600000e+02 3.56000000e+01
 1.00000000e+00 3.70000000e+01 1.10000000e+01 5.44200000e+02 4.42900000e+02 2.64500000e+02 3.56000000e+01
 1.00000000e+00 3.70000000e+01 1.20000000e+01 5.44100000e+02 4.42900000e+02 2.64500000e+02 3.55000000e+01
 1.00000000e+00 3.70000000e+01 1.30000000e+01 5.44000000e+02 4.42800000e+02 2.64400000e+02 3.55000000e+01
 1.00000000e+00 3.70000000e+01 1.40000000e+01 5.44000000e+02 4.42700000e+02 2.64300000e+02 3.56000000e+01
 1.00000000e+00 3.70000000e+01 1.50000000e+01 5.43900000e+02 4.42500000e+02 2.64300000e+02 3.56000000e+01
 1.00000000e+00 3.70000000e+01 1.60000000e+01 5.43800000e+02 4.42400000e+02 2.64200000e+02 3.56000000e+01
 1.00000000e+00 3.70000000e+01 1.70000000e+01 5.43700000e+02 4.42300000e+02 2.64100000e+02 3.56000000e+01
 1.00000000e+00 3.70000000e+01 1.80000000e+01 5.43600000e+02 4.42200000e+02 2.64100000e+02 3.56000000e+01
 1.00000000e+00 3.70000000e+01 1.90000000e+01 5.43500000e+02 4.42100000e+02 2.64100000e+02 3.56000000e+01
 1.00000000e+00 3.70000000e+01 2.00000000e+01 5.43500000e+02 4.42100000e+02 2.64000000e+02 3.57000000e+01
 1.00000000e+00 3.70000000e+01 2.10000000e+01 5.43400000e+02 4.42000000e+02 2.63900000e+02 3.57000000e+01
 1.00000000e+00 3.70000000e+01 2.20000000e+01 5.43300000e+02 4.41800000e+02 2.63800000e+02 3.57000000e+01
 1.00000000e+00 3.70000000e+01 2.30000000e+01 5.43200000e+02 4.41700000e+02 2.63700000e+02 3.57000000e+01
 1.00000000e+00 3.70000000e+01 2.40000000e+01 5.43000000e+02 4.41600000e+02 2.63700000e+02 3.57000000e+01
 1.00000000e+00 3.70000000e+01 2.50000000e+01 5.42900000e+02 4.41500000e+02 2.63600000e+02 3.57000000e+01
 1.00000000e+00 3.70000000e+01 2.60000000e+01 5.42800000e+02 4.41500000e+02 2.63600000e+02 3.57000000e+01
 1.00000000e+00 3.70000000e+01 2.70000000e+01 5.42700000e+02 4.41400000e+02 2.63500000e+02 3.57000000e+01
 1.00000000e+00 3.70000000e+01 2.80000000e+01 5.42700000e+02 4.41200000e+02 2.63400000e+02 3.57000000e+01
 1.00000000e+00 3.70000000e+01 2.90000000e+01 5.42600000e+02 4.41100000e+02 2.63400000e+02 3.56000000e+01
 1.00000000e+00 3.70000000e+01 3.00000000e+01 5.42500000e+02 4.41000000e+02 2.63300000e+02 3.56000000e+01
 1.00000000e+00 3.70000000e+01 3.10000000e+01 5.42400000e+02 4.40900000e+02 2.63200000e+02 3.56000000e+01
 1.00000000e+00 3.70000000e+01 3.20000000e+01 5.42300000e+02 4.40800000e+02 2.63200000e+02 3.56000000e+01
 1.00000000e+00 3.70000000e+01 3.30000000e+01 5.42200000e+02 4.40600000e+02 2.63200000e+02 3.56000000e+01
 1.00000000e+00 3.70000000e+01 3.40000000e+01 5.42100000e+02 4.40600000e+02 2.63100000e+02 3.56000000e+01
 1.00000000e+00 3.70000000e+01 3.50000000e+01 5.42000000e+02 4.40500000e+02 2.63000000e+02 3.56000000e+01
 1.00000000e+00 3.70000000e+01 3.60000000e+01 5.42000000e+02 4.40400000e+02 2.63000000e+02 3.55000000e+01
 1.00000000e+00 3.70000000e+01 3.70000000e+01 5.41900000e+02 4.40300000e+02 2.62900000e+02 3.55000000e+01
 1.00000000e+00 3.70000000e+01 3.80000000e+01 5.41800000e+02 4.40200000e+02 2.62800000e+02 3.55000000e+01
 1.00000000e+00 3.70000000e+01 3.90000000e+01 5.41700000e+02 4.40100000e+02 2.62700000e+02 3.55000000e+01
 1.00000000e+00 3.70000000e+01 4.00000000e+01 5.41600000e+02 4.39900000e+02 2.62700000e+02 3.55000000e+01
 1.00000000e+00 3.70000000e+01 4.10000000e+01 5.41500000e+02 4.39800000e+02 2.62600000e+02 3.55000000e+01
 1.00000000e+00 3.70000000e+01 4.20000000e+01 5.41400000e+02 4.39800000e+02 2.62600000e+02 3.55000000e+01
 1.00000000e+00 3.70000000e+01 4.30000000e+01 5.41300000e+02 4.39700000e+02 2.62500000e+02 3.55000000e+01
 1.00000000e+00 3.70000000e+01 4.40000000e+01 5.41300000e+02 4.39600000e+02 2.62400000e+02 3.55000000e+01
 1.00000000e+00 3.70000000e+01 4.50000000e+01 5.41200000e+02 4.39400000e+02 2.62300000e+02 3.55000000e+01
 1.00000000e+00 3.70000000e+01 4.60000000e+01 5.41100000e+02 4.39300000e+02 2.62200000e+02 3.55000000e+01
 1.00000000e+00 3.70000000e+01 4.70000000e+01 5.41000000e+02 4.39200000e+02 2.62200000e+02 3.54000000e+01
 1.00000000e+00 3.70000000e+01 4.80000000e+01 5.40900000e+02 4.39100000e+02 2.62200000e+02 3.54000000e+01
 1.00000000e+00 3.70000000e+01 4.90000000e+01 5.40800000e+02 4.39000000e+02 2.62100000e+02 3.54000000e+01
 1.00000000e+00 3.70000000e+01 5.00000000e+01 5.40800000e+02 4.39000000e+02 2.62000000e+02 3.54000000e+01
 1.00000000e+00 3.70000000e+01 5.10000000e+01 5.40700000e+02 4.38900000e+02 2.61900000e+02 3.54000000e+01
 1.00000000e+00 3.70000000e+01 5.20000000e+01 5.40600000e+02 4.38700000e+02 2.61900000e+02 3.54000000e+01
 1.00000000e+00 3.70000000e+01 5.30000000e+01 5.40500000e+02 4.38600000e+02 2.61800000e+02 3.54000000e+01
 1.00000000e+00 3.70000000e+01 5.40000000e+01 5.40400000e+02 4.38500000e+02 2.61700000e+02 3.54000000e+01
 1.00000000e+00 3.70000000e+01 5.50000000e+01 5.40300000e+02 4.38400000e+02 2.61600000e+02 3.54000000e+01
 1.00000000e+00 3.70000000e+01 5.60000000e+01 5.40200000e+02 4.38400000e+02 2.61600000e+02 3.54000000e+01
 1.00000000e+00 3.70000000e+01 5.70000000e+01 5.40100000e+02 4.38300000e+02 2.61600000e+02 3.54000000e+01
 1.00000000e+00 3.70000000e+01 5.80000000e+01 5.40100000e+02 4.38100000e+02 2.61500000e+02 3.54000000e+01
 1.00000000e+00 3.70000000e+01 5.90000000e+01 5.40000000e+02 4.38000000e+02 2.61400000e+02 3.54000000e+01
 1.00000000e+00 3.80000000e+01 0.00000000e+00 5.39900000e+02 4.37900000e+02 2.61300000e+02 3.54000000e+01
 1.00000000e+00 3.80000000e+01 1.00000000e+00 5.39800000e+02 4.37800000e+02 2.61300000e+02 3.54000000e+01
 1.00000000e+00 3.80000000e+01 2.00000000e+00 5.39700000e+02 4.37700000e+02 2.61300000e+02 3.54000000e+01
 1.00000000e+00 3.80000000e+01 3.00000000e+00 5.39600000e+02 4.37600000e+02 2.61200000e+02 3.54000000e+01
 1.00000000e+00 3.80000000e+01 4.00000000e+00 5.39500000e+02 4.37600000e+02 2.61100000e+02 3.54000000e+01
 1.00000000e+00 3.80000000e+01 5.00000000e+00 5.39400000e+02 4.37400000e+02 2.61000000e+02 3.54000000e+01
 1.00000000e+00 3.80000000e+01 6.00000000e+00 5.39400000e+02 4.37300000e+02 2.61000000e+02 3.54000000e+01
 1.00000000e+00 3.80000000e+01 7.00000000e+00 5.39300000e+02 4.37200000e+02 2.60900000e+02 3.54000000e+01
 1.00000000e+00 3.80000000e+01 8.00000000e+00 5.39200000e+02 4.37100000e+02 2.60800000e+02 3.54000000e+01
 1.00000000e+00 3.80000000e+01 9.00000000e+00 5.39100000e+02 4.37000000e+02 2.60700000e+02 3.54000000e+01
 1.00000000e+00 3.80000000e+01 1.00000000e+01 5.39000000e+02 4.36800000e+02 2.60700000e+02 3.54000000e+01
 1.00000000e+00 3.80000000e+01 1.10000000e+01 5.38900000e+02 4.36700000e+02 2.60700000e+02 3.54000000e+01
 1.00000000e+00 3.80000000e+01 1.20000000e+01 5.38800000e+02 4.36700000e+02 2.60600000e+02 3.54000000e+01
 1.00000000e+00 3.80000000e+01 1.30000000e+01 5.38700000e+02 4.36600000e+02 2.60500000e+02 3.54000000e+01
 1.00000000e+00 3.80000000e+01 1.40000000e+01 5.38700000e+02 4.36500000e+02 2.60500000e+02 3.54000000e+01
 1.00000000e+00 3.80000000e+01 1.50000000e+01 5.38600000e+02 4.36400000e+02 2.60400000e+02 3.54000000e+01
 1.00000000e+00 3.80000000e+01 1.60000000e+01 5.38400000e+02 4.36300000e+02 2.60300000e+02 3.54000000e+01
 1.00000000e+00 3.80000000e+01 1.70000000e+01 5.38300000e+02 4.36100000e+02 2.60300000e+02 3.54000000e+01
 1.00000000e+00 3.80000000e+01 1.80000000e+01 5.38200000e+02 4.36000000e+02 2.60300000e+02 3.53000000e+01
 1.00000000e+00 3.80000000e+01 1.90000000e+01 5.38100000e+02 4.35900000e+02 2.60200000e+02 3.53000000e+01
 1.00000000e+00 3.80000000e+01 2.00000000e+01 5.38100000e+02 4.35900000e+02 2.60100000e+02 3.53000000e+01
 1.00000000e+00 3.80000000e+01 2.10000000e+01 5.38000000e+02 4.35800000e+02 2.60100000e+02 3.53000000e+01
 1.00000000e+00 3.80000000e+01 2.20000000e+01 5.37900000e+02 4.35700000e+02 2.60000000e+02 3.53000000e+01
 1.00000000e+00 3.80000000e+01 2.30000000e+01 5.37800000e+02 4.35500000e+02 2.59900000e+02 3.54000000e+01
 1.00000000e+00 3.80000000e+01 2.40000000e+01 5.37800000e+02 4.35400000e+02 2.59800000e+02 3.54000000e+01
 1.00000000e+00 3.80000000e+01 2.50000000e+01 5.37700000e+02 4.35300000e+02 2.59800000e+02 3.54000000e+01
 1.00000000e+00 3.80000000e+01 2.60000000e+01 5.37600000e+02 4.35300000e+02 2.59800000e+02 3.54000000e+01
 1.00000000e+00 3.80000000e+01 2.70000000e+01 5.37500000e+02 4.35200000e+02 2.59700000e+02 3.54000000e+01
 1.00000000e+00 3.80000000e+01 2.80000000e+01 5.37500000e+02 4.35100000e+02 2.59600000e+02 3.54000000e+01
 1.00000000e+00 3.80000000e+01 2.90000000e+01 5.37400000e+02 4.35000000e+02 2.59600000e+02 3.54000000e+01
 1.00000000e+00 3.80000000e+01 3.00000000e+01 5.37300000e+02 4.34800000e+02 2.59500000e+02 3.54000000e+01
 1.00000000e+00 3.80000000e+01 3.10000000e+01 5.37200000e+02 4.34700000e+02 2.59400000e+02 3.54000000e+01
 1.00000000e+00 3.80000000e+01 3.20000000e+01 5.37100000e+02 4.34600000e+02 2.59400000e+02 3.54000000e+01
 1.00000000e+00 3.80000000e+01 3.30000000e+01 5.37000000e+02 4.34500000e+02 2.59400000e+02 3.54000000e+01
 1.00000000e+00 3.80000000e+01 3.40000000e+01 5.36900000e+02 4.34500000e+02 2.59300000e+02 3.54000000e+01
 1.00000000e+00 3.80000000e+01 3.50000000e+01 5.36800000e+02 4.34400000e+02 2.59200000e+02 3.55000000e+01
 1.00000000e+00 3.80000000e+01 3.60000000e+01 5.36800000e+02 4.34200000e+02 2.59200000e+02 3.55000000e+01
 1.00000000e+00 3.80000000e+01 3.70000000e+01 5.36700000e+02 4.34100000e+02 2.59100000e+02 3.55000000e+01
 1.00000000e+00 3.80000000e+01 3.80000000e+01 5.36600000e+02 4.34000000e+02 2.59000000e+02 3.55000000e+01
 1.00000000e+00 3.80000000e+01 3.90000000e+01 5.36500000e+02 4.33900000e+02 2.58900000e+02 3.55000000e+01
 1.00000000e+00 3.80000000e+01 4.00000000e+01 5.36400000e+02 4.33800000e+02 2.58900000e+02 3.55000000e+01
 1.00000000e+00 3.80000000e+01 4.10000000e+01 5.36300000e+02 4.33700000e+02 2.58800000e+02 3.55000000e+01
 1.00000000e+00 3.80000000e+01 4.20000000e+01 5.36200000e+02 4.33700000e+02 2.58800000e+02 3.55000000e+01
 1.00000000e+00 3.80000000e+01 4.30000000e+01 5.36100000e+02 4.33500000e+02 2.58700000e+02 3.56000000e+01
 1.00000000e+00 3.80000000e+01 4.40000000e+01 5.36100000e+02 4.33400000e+02 2.58600000e+02 3.57000000e+01
 1.00000000e+00 3.80000000e+01 4.50000000e+01 5.36000000e+02 4.33300000e+02 2.58500000e+02 3.57000000e+01
 1.00000000e+00 3.80000000e+01 4.60000000e+01 5.35900000e+02 4.33200000e+02 2.58500000e+02 3.57000000e+01
 1.00000000e+00 3.80000000e+01 4.70000000e+01 5.35800000e+02 4.33100000e+02 2.58400000e+02 3.57000000e+01
 1.00000000e+00 3.80000000e+01 4.80000000e+01 5.35700000e+02 4.33000000e+02 2.58400000e+02 3.57000000e+01
 1.00000000e+00 3.80000000e+01 4.90000000e+01 5.35500000e+02 4.32800000e+02 2.58400000e+02 3.57000000e+01
 1.00000000e+00 3.80000000e+01 5.00000000e+01 5.35500000e+02 4.32800000e+02 2.58300000e+02 3.57000000e+01
 1.00000000e+00 3.80000000e+01 5.10000000e+01 5.35400000e+02 4.32700000e+02 2.58200000e+02 3.57000000e+01
 1.00000000e+00 3.80000000e+01 5.20000000e+01 5.35300000e+02 4.32600000e+02 2.58200000e+02 3.57000000e+01
 1.00000000e+00 3.80000000e+01 5.30000000e+01 5.35200000e+02 4.32500000e+02 2.58100000e+02 3.56000000e+01
 1.00000000e+00 3.80000000e+01 5.40000000e+01 5.35100000e+02 4.32400000e+02 2.58000000e+02 3.56000000e+01
 1.00000000e+00 3.80000000e+01 5.50000000e+01 5.35000000e+02 4.32300000e+02 2.58000000e+02 3.56000000e+01
 1.00000000e+00 3.80000000e+01 5.60000000e+01 5.34900000e+02 4.32300000e+02 2.58000000e+02 3.56000000e+01
 1.00000000e+00 3.80000000e+01 5.70000000e+01 5.34800000e+02 4.32200000e+02 2.57900000e+02 3.56000000e+01
 1.00000000e+00 3.80000000e+01 5.80000000e+01 5.34800000e+02 4.32000000e+02 2.57800000e+02 3.56000000e+01
 1.00000000e+00 3.80000000e+01 5.90000000e+01 5.34700000e+02 4.31900000e+02 2.57700000e+02 3.56000000e+01
 1.00000000e+00 3.90000000e+01 0.00000000e+00 5.34600000e+02 4.31800000e+02 2.57700000e+02 3.56000000e+01
 1.00000000e+00 3.90000000e+01 1.00000000e+00 5.34500000e+02 4.31700000e+02 2.57600000e+02 3.56000000e+01
 1.00000000e+00 3.90000000e+01 2.00000000e+00 5.34400000e+02 4.31600000e+02 2.57600000e+02 3.56000000e+01
 1.00000000e+00 3.90000000e+01 3.00000000e+00 5.34300000e+02 4.31500000e+02 2.57500000e+02 3.56000000e+01
 1.00000000e+00 3.90000000e+01 4.00000000e+00 5.34200000e+02 4.31500000e+02 2.57400000e+02 3.56000000e+01
 1.00000000e+00 3.90000000e+01 5.00000000e+00 5.34100000e+02 4.31300000e+02 2.57400000e+02 3.56000000e+01
 1.00000000e+00 3.90000000e+01 6.00000000e+00 5.34100000e+02 4.31200000e+02 2.57300000e+02 3.56000000e+01
 1.00000000e+00 3.90000000e+01 7.00000000e+00 5.34000000e+02 4.31100000e+02 2.57200000e+02 3.56000000e+01
 1.00000000e+00 3.90000000e+01 8.00000000e+00 5.33900000e+02 4.31000000e+02 2.57100000e+02 3.56000000e+01
 1.00000000e+00 3.90000000e+01 9.00000000e+00 5.33900000e+02 4.30900000e+02 2.57100000e+02 3.56000000e+01
 1.00000000e+00 3.90000000e+01 1.00000000e+01 5.33800000e+02 4.30800000e+02 2.57100000e+02 3.56000000e+01
 1.00000000e+00 3.90000000e+01 1.10000000e+01 5.33700000e+02 4.30600000e+02 2.57000000e+02 3.56000000e+01
 1.00000000e+00 3.90000000e+01 1.20000000e+01 5.33600000e+02 4.30600000e+02 2.56900000e+02 3.56000000e+01
