13  21  22	 670.9	 683.5	 426.1	 027.3
13  21  32	 670.6	 683.6	 423.7	 027.2
13  21  42	 670.3	 683.6	 421.3	 027.2
13  21  52	 669.9	 683.6	 418.8	 027.4
13  22  02	 669.3	 683.6	 416.5	 027.4
13  22  12	 668.8	 683.6	 414.2	 027.3
13  22  22	 668.5	 683.6	 412.2	 027.3
13  22  32	 668.2	 683.6	 409.8	 027.4
13  22  42	 667.7	 683.6	 407.8	 027.3
13  22  52	 667.1	 683.5	 405.7	 027.4
13  23  02	 666.6	 683.5	 403.8	 027.3
13  23  12	 666.1	 683.5	 401.9	 027.5
13  23  22	 665.6	 683.6	 399.8	 027.6
13  23  32	 664.9	 683.6	 397.9	 027.7
13  23  42	 664.3	 683.6	 395.1	 027.6
13  23  52	 663.6	 683.6	 393.0	 027.5
13  24  02	 663.0	 683.6	 391.1	 027.5
13  24  12	 662.3	 683.5	 389.8	 027.4
13  24  22	 661.6	 683.5	 388.0	 027.3
13  24  32	 660.9	 683.5	 386.7	 027.3
13  24  42	 660.2	 683.4	 384.7	 027.2
13  24  52	 659.5	 683.4	 382.9	 027.3
13  25  02	 658.8	 683.5	 381.1	 027.3
13  25  12	 658.0	 683.5	 379.8	 027.4
13  25  22	 657.2	 683.5	 377.9	 027.3
13  25  32	 656.5	 683.5	 376.6	 027.2
13  25  42	 655.6	 683.4	 375.0	 027.3
13  25  52	 654.9	 683.4	 373.5	 027.3
13  26  02	 654.0	 683.4	 371.9	 027.4
13  26  12	 653.2	 683.4	 370.5	 027.4
13  26  22	 652.3	 683.4	 369.1	 027.3
13  26  32	 651.6	 683.4	 367.7	 027.5
13  26  42	 650.7	 683.3	 366.4	 027.5
13  26  52	 649.8	 683.3	 365.0	 027.5
13  27  02	 648.9	 683.3	 363.7	 027.4
13  27  12	 648.1	 683.2	 362.2	 027.3
13  27  22	 647.2	 683.2	 360.8	 027.3
13  27  32	 646.3	 683.1	 359.4	 027.4
13  27  42	 645.5	 683.1	 358.3	 027.5
13  27  52	 644.6	 683.1	 357.0	 027.4
13  28  02	 643.6	 683.1	 355.7	 027.5
13  28  12	 642.7	 683.1	 354.5	 027.6
13  28  22	 641.9	 683.0	 353.3	 027.6
13  28  32	 640.9	 682.9	 352.2	 027.6
13  28  42	 640.0	 682.9	 351.0	 027.5
13  28  52	 639.0	 682.8	 349.9	 027.4
13  29  02	 638.1	 682.7	 348.7	 027.5
13  29  12	 637.1	 682.7	 347.6	 027.5
13  29  22	 636.3	 682.7	 346.5	 027.5
13  29  32	 635.3	 682.6	 345.5	 027.4
13  29  42	 634.4	 682.6	 344.3	 027.4
13  29  52	 633.4	 682.5	 343.3	 027.4
13  30  02	 632.5	 682.4	 342.1	 027.5
13  30  12	 631.6	 682.3	 341.1	 027.5
13  30  22	 630.5	 682.2	 340.2	 027.5
13  30  32	 629.6	 682.1	 339.3	 027.5
13  30  42	 628.6	 682.0	 338.2	 027.4
13  30  52	 627.6	 681.9	 337.1	 027.5
13  31  02	 626.6	 681.8	 336.1	 027.5
13  31  12	 625.8	 681.7	 335.2	 027.6
13  31  22	 624.7	 681.6	 334.1	 027.6
13  31  32	 623.8	 681.5	 333.0	 027.6
13  31  42	 622.7	 681.4	 332.0	 027.6
13  31  52	 621.8	 681.2	 330.9	 027.5
13  32  02	 620.7	 681.1	 330.1	 027.4
13  32  12	 619.8	 680.9	 329.3	 027.5
13  32  22	 618.8	 680.8	 328.3	 027.6
13  32  32	 617.9	 680.7	 327.7	 027.7
13  32  42	 616.9	 680.6	 326.6	 027.6
13  32  52	 615.9	 680.4	 325.7	 027.6
13  33  02	 614.9	 680.2	 325.1	 027.5
13  33  12	 613.9	 680.1	 324.0	 027.5
13  33  22	 612.9	 679.9	 323.0	 027.6
13  33  32	 611.9	 679.7	 322.1	 027.5
13  33  42	 610.9	 679.5	 321.2	 027.5
13  33  52	 609.9	 679.3	 320.4	 027.6
13  34  02	 608.9	 679.1	 319.6	 027.5
13  34  12	 607.9	 678.9	 318.8	 027.6
13  34  22	 607.0	 678.8	 318.0	 027.5
13  34  32	 606.0	 678.6	 317.3	 027.6
13  34  42	 605.0	 678.3	 316.6	 027.7
13  34  52	 604.0	 678.1	 315.9	 027.6
13  35  02	 603.0	 677.8	 315.2	 027.7
13  35  12	 602.1	 677.6	 314.5	 027.7
13  35  22	 601.0	 677.3	 313.7	 027.7
13  35  32	 600.0	 677.1	 313.0	 027.7
13  35  42	 599.0	 676.8	 312.1	 027.6
13  35  52	 598.0	 676.6	 311.2	 027.6
13  36  02	 597.0	 676.3	 310.3	 027.7
13  36  12	 596.1	 676.1	 309.6	 027.8
13  36  22	 595.1	 675.8	 308.9	 027.8
13  36  32	 594.2	 675.5	 308.0	 027.7
13  36  42	 593.1	 675.2	 307.3	 027.7
13  36  52	 592.2	 674.9	 306.5	 027.7
13  37  02	 591.1	 674.6	 305.8	 027.7
13  37  12	 590.2	 674.3	 305.0	 027.7
13  37  22	 589.2	 674.0	 304.4	 027.7
13  37  32	 588.2	 673.6	 303.7	 027.6
13  37  42	 587.3	 673.4	 303.2	 027.8
13  37  52	 586.3	 673.0	 302.6	 028.0
13  38  02	 585.3	 672.7	 301.9	 027.9
13  38  12	 584.3	 672.4	 301.2	 027.8
13  38  22	 583.4	 672.0	 300.4	 027.9
13  38  32	 582.4	 671.6	 299.7	 027.8
13  38  42	 581.4	 671.3	 299.0	 027.8
13  38  52	 580.4	 670.9	 298.3	 027.8
13  39  02	 579.5	 670.5	 297.5	 027.8
13  39  12	 578.4	 670.2	 296.8	 027.8
13  39  22	 577.5	 669.7	 296.0	 027.8
13  39  32	 576.5	 669.4	 295.3	 027.8
13  39  42	 575.7	 669.0	 294.6	 027.9
13  39  52	 574.6	 668.6	 294.0	 027.9
13  40  02	 573.7	 668.2	 293.5	 027.9
13  40  12	 572.8	 667.8	 293.0	 027.9
13  40  22	 571.7	 667.3	 292.4	 027.8
13  40  32	 570.8	 666.9	 291.8	 027.9
13  40  42	 569.8	 666.4	 291.1	 027.9
13  40  52	 568.9	 666.0	 290.4	 027.9
13  41  02	 567.9	 665.5	 289.7	 027.9
13  41  12	 566.9	 665.1	 289.1	 027.9
13  41  22	 565.9	 664.6	 288.6	 027.9
13  41  32	 565.0	 664.2	 287.9	 027.9
13  41  42	 564.1	 663.8	 287.5	 028.0
13  41  52	 563.2	 663.3	 287.1	 028.0
13  42  02	 562.1	 662.9	 286.7	 028.0
13  42  12	 561.2	 662.3	 286.2	 028.0
13  42  22	 560.2	 661.8	 285.7	 028.0
13  42  32	 559.3	 661.3	 285.0	 028.0
13  42  42	 558.3	 660.9	 284.4	 028.0
13  42  52	 557.4	 660.3	 283.7	 028.0
13  43  02	 556.4	 659.8	 283.1	 028.0
13  43  12	 555.5	 659.3	 282.7	 028.0
13  43  22	 554.6	 658.8	 282.2	 028.0
13  43  32	 553.7	 658.3	 281.8	 028.0
13  43  42	 552.8	 657.8	 281.3	 028.0
13  43  52	 551.8	 657.2	 280.8	 027.9
13  44  02	 550.9	 656.7	 280.2	 028.0
13  44  12	 550.0	 656.2	 279.6	 028.1
13  44  22	 549.1	 655.6	 279.0	 028.1
13  44  32	 548.1	 655.1	 278.5	 028.0
13  44  42	 547.2	 654.4	 277.8	 027.9
13  44  52	 546.2	 653.9	 277.2	 027.9
13  45  02	 545.4	 653.3	 276.7	 028.0
13  45  12	 544.6	 652.9	 276.3	 028.1
13  45  22	 543.6	 652.2	 275.7	 028.1
13  45  32	 542.7	 651.7	 275.1	 028.0
13  45  42	 541.8	 651.0	 274.6	 028.0
13  45  52	 540.9	 650.5	 274.2	 027.9
13  46  02	 540.0	 649.9	 273.7	 027.9
13  46  12	 539.1	 649.3	 273.3	 027.9
13  46  22	 538.1	 648.7	 272.9	 028.0
13  46  32	 537.3	 648.1	 272.3	 028.0
13  46  42	 536.3	 647.4	 271.7	 027.9
13  46  52	 535.5	 646.8	 271.1	 028.0
13  47  02	 534.5	 646.2	 270.6	 027.9
13  47  12	 533.7	 645.6	 270.2	 028.0
13  47  22	 532.8	 645.1	 269.8	 027.9
13  47  32	 532.0	 644.4	 269.3	 027.9
13  47  42	 531.0	 643.8	 268.8	 028.0
13  47  52	 530.2	 643.2	 268.1	 027.9
13  48  02	 529.2	 642.6	 267.7	 028.0
13  48  12	 528.4	 641.9	 267.2	 028.0
13  48  22	 527.6	 641.3	 266.7	 028.0
13  48  32	 526.6	 640.6	 266.2	 027.9
13  48  42	 525.8	 640.0	 265.7	 027.9
13  48  52	 524.9	 639.3	 265.3	 027.9
13  49  02	 524.1	 638.7	 264.9	 028.0
13  49  12	 523.1	 638.0	 264.4	 027.9
13  49  22	 522.3	 637.3	 263.8	 028.0
13  49  32	 521.4	 636.7	 263.4	 027.8
13  49  42	 520.6	 636.0	 263.0	 027.8
13  49  52	 519.7	 635.4	 262.6	 028.0
13  50  02	 518.9	 634.7	 262.1	 028.0
13  50  12	 518.1	 634.1	 261.6	 027.9
13  50  22	 517.2	 633.4	 261.0	 028.0
13  50  32	 516.4	 632.7	 260.4	 028.0
13  50  42	 515.5	 632.0	 259.9	 028.1
13  50  52	 514.6	 631.3	 259.5	 028.1
13  51  02	 513.7	 630.6	 259.0	 028.1
13  51  12	 512.9	 629.9	 258.6	 028.1
13  51  22	 512.0	 629.2	 258.1	 028.1
13  51  32	 511.2	 628.5	 257.7	 028.1
13  51  42	 510.4	 627.8	 257.3	 028.2
13  51  52	 509.6	 627.2	 257.0	 028.3
13  52  02	 508.8	 626.5	 256.6	 028.3
13  52  12	 507.9	 625.8	 256.3	 028.3
13  52  22	 507.1	 625.1	 255.9	 028.2
13  52  32	 506.2	 624.3	 255.5	 028.2
13  52  42	 505.4	 623.6	 255.1	 028.2
13  52  52	 504.5	 622.9	 254.7	 028.0
13  53  02	 503.7	 622.2	 254.3	 028.2
13  53  12	 502.8	 621.4	 253.6	 028.2
13  53  22	 502.0	 620.7	 252.8	 028.2
13  53  32	 501.2	 619.9	 252.3	 028.2
13  53  42	 500.4	 619.2	 251.9	 028.2
13  53  52	 499.5	 618.5	 251.5	 028.2
13  54  02	 498.7	 617.8	 251.1	 028.1
13  54  12	 497.8	 617.0	 250.7	 028.1
13  54  22	 497.0	 616.3	 250.3	 028.2
13  54  32	 496.3	 615.7	 250.0	 028.4
13  54  42	 495.5	 614.9	 249.5	 028.3
13  54  52	 494.6	 614.1	 249.0	 028.3
13  55  02	 493.8	 613.4	 248.5	 028.2
13  55  12	 492.9	 612.7	 248.1	 028.2
13  55  22	 492.2	 611.9	 247.7	 028.3
13  55  32	 491.4	 611.2	 247.3	 028.3
13  55  42	 490.5	 610.4	 246.9	 028.3
13  55  52	 489.8	 609.6	 246.4	 028.2
13  56  02	 488.9	 608.9	 246.0	 028.2
13  56  12	 488.2	 608.1	 245.6	 028.2
13  56  22	 487.3	 607.4	 245.3	 028.2
13  56  32	 486.5	 606.6	 245.0	 028.2
13  56  42	 485.7	 605.9	 244.6	 028.2
13  56  52	 484.9	 605.1	 244.2	 028.1
13  57  02	 484.1	 604.3	 243.8	 028.2
13  57  12	 483.4	 603.6	 243.5	 028.3
13  57  22	 482.7	 602.9	 243.2	 028.4
13  57  32	 481.9	 602.1	 242.8	 028.4
13  57  42	 481.1	 601.4	 242.5	 028.4
13  57  52	 480.3	 600.6	 242.1	 028.4
13  58  02	 479.5	 599.8	 241.9	 028.4
13  58  12	 478.7	 599.0	 241.7	 028.3
13  58  22	 478.0	 598.3	 241.4	 028.4
13  58  32	 477.1	 597.5	 241.0	 028.4
13  58  42	 476.4	 596.7	 240.6	 028.4
13  58  52	 475.6	 595.9	 240.1	 028.4
13  59  02	 474.8	 595.2	 239.8	 028.4
13  59  12	 474.0	 594.4	 239.4	 028.4
13  59  22	 473.3	 593.7	 239.0	 028.4
13  59  32	 472.5	 592.9	 238.6	 028.4
13  59  42	 471.7	 592.1	 238.3	 028.3
13  59  52	 470.9	 591.3	 238.0	 028.3
14  00  02	 470.3	 590.6	 237.8	 028.3
14  00  12	 469.6	 589.9	 237.4	 028.3
14  00  22	 468.8	 589.1	 237.0	 028.4
14  00  32	 468.0	 588.3	 236.6	 028.4
14  00  42	 467.2	 587.5	 236.3	 028.4
14  00  52	 466.5	 586.8	 235.9	 028.3
14  01  02	 465.7	 585.9	 235.5	 028.3
14  01  12	 465.0	 585.2	 235.3	 028.3
14  01  22	 464.2	 584.5	 235.0	 028.3
14  01  32	 463.5	 583.6	 234.6	 028.4
14  01  42	 462.7	 582.9	 234.2	 028.2
14  01  52	 461.9	 582.1	 234.0	 028.3
14  02  02	 461.2	 581.3	 233.6	 028.4
14  02  12	 460.6	 580.6	 233.3	 028.6
14  02  22	 459.8	 579.9	 233.0	 028.6
14  02  32	 459.1	 579.0	 232.7	 028.5
14  02  42	 458.3	 578.3	 232.5	 028.5
14  02  52	 457.6	 577.5	 232.1	 028.4
14  03  02	 456.9	 576.7	 231.8	 028.6
14  03  12	 456.1	 575.9	 231.4	 028.6
14  03  22	 455.4	 575.2	 231.1	 028.6
14  03  32	 454.6	 574.3	 230.7	 028.5
14  03  42	 453.9	 573.6	 230.3	 028.5
14  03  52	 453.2	 572.8	 229.9	 028.4
14  04  02	 452.5	 572.0	 229.5	 028.3
14  04  12	 451.7	 571.2	 229.2	 028.3
14  04  22	 451.0	 570.5	 228.8	 028.4
14  04  32	 450.3	 569.8	 228.4	 028.4
14  04  42	 449.6	 568.9	 228.0	 028.2
14  04  52	 448.8	 568.2	 227.6	 028.0
14  05  02	 448.1	 567.3	 227.2	 028.0
14  05  12	 447.4	 566.6	 226.9	 028.1
14  05  22	 446.8	 565.9	 226.7	 028.1
14  05  32	 446.2	 565.1	 226.3	 027.8
14  05  42	 445.4	 564.3	 226.0	 027.9
14  05  52	 444.8	 563.5	 225.6	 028.0
14  06  02	 444.0	 562.7	 225.3	 028.2
14  06  12	 443.4	 562.0	 225.0	 028.1
14  06  22	 442.6	 561.2	 224.6	 028.2
14  06  32	 442.0	 560.4	 224.2	 028.1
14  06  42	 441.2	 559.7	 223.9	 027.8
14  06  52	 440.6	 558.8	 223.5	 027.8
14  07  02	 439.8	 558.1	 223.2	 027.9
14  07  12	 439.2	 557.3	 222.7	 028.0
14  07  22	 438.5	 556.5	 222.4	 028.0
14  07  32	 437.8	 555.7	 222.1	 028.1
14  07  42	 437.2	 555.0	 221.7	 028.1
14  07  52	 436.4	 554.2	 221.4	 028.0
14  08  02	 435.8	 553.4	 221.1	 027.8
14  08  12	 435.1	 552.6	 220.8	 027.7
14  08  22	 434.4	 551.9	 220.5	 028.0
14  08  32	 433.7	 551.1	 220.2	 027.8
14  08  42	 433.1	 550.3	 219.9	 027.9
14  08  52	 432.3	 549.5	 219.6	 028.0
14  09  02	 431.7	 548.8	 219.2	 027.9
14  09  12	 431.0	 548.0	 218.9	 027.8
14  09  22	 430.4	 547.2	 218.6	 027.7
14  09  32	 429.7	 546.5	 218.4	 028.0
14  09  42	 429.0	 545.7	 218.1	 027.9
14  09  52	 428.3	 544.9	 217.7	 028.1
14  10  02	 427.7	 544.2	 217.5	 028.0
14  10  12	 427.0	 543.5	 217.2	 028.1
14  10  22	 426.4	 542.7	 216.9	 028.1
14  10  32	 425.8	 542.0	 216.6	 028.0
14  10  42	 425.1	 541.2	 216.2	 028.0
14  10  52	 424.4	 540.4	 215.9	 028.0
14  11  02	 423.8	 539.6	 215.6	 028.0
14  11  12	 423.1	 538.9	 215.3	 027.8
14  11  22	 422.5	 538.2	 215.0	 028.1
14  11  32	 421.8	 537.4	 214.7	 027.9
14  11  42	 421.2	 536.6	 214.4	 028.0
14  11  52	 420.5	 535.8	 214.2	 028.1
14  12  02	 419.8	 535.1	 213.9	 028.0
14  12  12	 419.2	 534.3	 213.6	 028.0
14  12  22	 418.6	 533.6	 213.3	 028.0
14  12  32	 417.9	 532.8	 212.9	 028.0
14  12  42	 417.3	 532.0	 212.7	 028.2
14  12  52	 416.6	 531.2	 212.4	 028.2
14  13  02	 416.0	 530.5	 212.1	 028.2
14  13  12	 415.3	 529.7	 211.7	 028.0
14  13  22	 414.7	 529.0	 211.5	 028.0
14  13  32	 414.0	 528.2	 211.2	 028.0
14  13  42	 413.4	 527.5	 210.9	 028.0
14  13  52	 412.7	 526.7	 210.7	 028.1
14  14  02	 412.1	 526.0	 210.4	 028.1
14  14  12	 411.4	 525.2	 210.2	 028.2
14  14  22	 410.8	 524.5	 209.9	 028.1
14  14  32	 410.1	 523.8	 209.7	 027.9
14  14  42	 409.5	 522.9	 209.4	 027.8
14  14  52	 408.9	 522.2	 209.0	 027.9
14  15  02	 408.3	 521.4	 208.8	 027.8
14  15  12	 407.7	 520.7	 208.5	 027.9
14  15  22	 407.0	 520.0	 208.3	 028.2
14  15  32	 406.5	 519.3	 208.0	 028.2
14  15  42	 405.8	 518.5	 207.7	 028.2
14  15  52	 405.3	 517.8	 207.5	 028.1
14  16  02	 404.6	 517.0	 207.3	 028.0
14  16  12	 404.0	 516.3	 207.0	 028.1
14  16  22	 403.3	 515.6	 206.7	 028.0
14  16  32	 402.8	 514.8	 206.5	 028.0
14  16  42	 402.1	 514.1	 206.2	 028.1
14  16  52	 401.5	 513.4	 205.9	 028.1
14  16  59	 401.2	 513.0	 205.8	 028.1
14  17  04	 400.9	 512.6	 205.6	 028.1
14  17  06	 400.8	 512.5	 205.6	 028.1
