15  15  09  784.5  560.4  754.1  35.3
15  15  11  784.5  559.5  753.8  35.2
15  15  13  784.5  558.9  753.4  35.1
15  15  15  784.5  558.1  753.1  35.1
15  15  17  784.5  557.1  752.7  35.2
15  15  19  784.5  556.2  752.4  35.2
15  15  21  784.5  555.3  752  35.1
15  15  23  784.5  554.5  751.7  35.1
15  15  25  784.5  553.5  751.3  35.1
15  15  27  784.5  552.7  750.9  35.2
15  15  29  784.4  551.9  750.6  35.3
15  15  31  784.4  551  750.2  35.4
15  15  33  784.4  550.1  749.8  35.4
15  15  35  784.4  549.3  749.6  35.3
15  15  37  784.4  548.5  749.2  35.2
15  15  39  784.4  547.6  748.8  35.2
15  15  41  784.4  546.8  748.4  35.1
15  15  43  784.3  546  748.1  35
15  15  45  784.3  545.2  747.7  34.9
15  15  47  784.3  544.4  747.3  34.9
15  15  49  784.2  543.6  746.8  35
15  15  51  784.2  542.9  746.4  35
15  15  53  784.2  542.1  746  35
15  15  55  784.1  541.3  745.6  35
15  15  57  784.1  540.6  745.2  35
15  15  59  784.1  539.8  744.8  35.1
15  16  01  784.1  539  744.6  35.1
15  16  03  784.1  538.3  744.2  35.1
15  16  05  784  537.5  743.8  35.1
15  16  07  784  536.7  743.4  35.1
15  16  09  783.9  535.9  742.9  35
15  16  11  783.9  535.9  742.5  35
15  16  13  783.8  535.1  742.1  35
15  16  15  783.8  534.3  741.6  35
15  16  17  783.7  533.5  741.2  35
15  16  19  783.6  532.8  740.7  35
15  16  21  783.6  532.1  740.3  35
15  16  23  783.5  531.3  739.9  35.1
15  16  25  783.4  530.6  739.4  35.2
15  16  27  783.4  529.8  739  35.3
15  16  29  783.3  529.2  738.8  35.3
15  16  31  783.2  528.5  738.3  35.3
15  16  33  783.2  527.8  737.8  35.3
15  16  35  783.1  527.1  737.4  35.2
15  16  37  783  526.4  736.9  35.2
15  16  39  782.9  525.7  736.5  35.1
15  16  41  782.8  525  736  35
15  16  43  782.8  524.3  735.6  35
15  16  45  782.7  523.6  735.1  35
15  16  47  782.6  522.9  734.6  35.1
15  16  49  782.5  522.2  734.2  35.1
15  16  51  782.4  521.5  733.7  35.1
15  16  53  782.3  520.9  733.2  35.2
15  16  55  782.2  520.1  732.8  35.2
15  16  57  782.1  519.4  732.3  35.2
15  16  59  782  518.7  731.8  35.2
15  17  01  781.9  518  731.3  35.1
15  17  03  781.8  517.3  730.9  35.1
15  17  05  781.7  517.3  730.6  35
15  17  07  781.6  516.5  730.1  35
15  17  09  781.5  515.9  729.7  35
15  17  11  781.4  515.2  729.2  35
15  17  13  781.3  514.5  728.7  35.1
15  17  15  781.2  513.8  728.2  35
15  17  17  781.1  513.2  727.7  35
15  17  19  781  512.5  727.3  35
15  17  21  780.9  511.6  726.8  35
15  17  23  780.8  510.9  726.3  35
15  17  25  780.6  510.3  725.8  35
15  17  27  780.5  509.7  725.3  35
15  17  29  780.4  509  724.9  34.9
15  17  31  780.3  508.3  724.6  34.9
15  17  33  780.2  507.6  724.2  34.9
15  17  35  780.1  507  723.7  34.9
15  17  37  779.9  506.3  723.2  34.9
15  17  39  779.8  505.7  722.7  34.9
15  17  41  779.7  505.7  722.2  34.9
15  17  43  779.5  504.9  721.7  34.9
15  17  45  779.4  504.3  721.2  34.9
15  17  47  779.3  503.6  720.7  34.9
15  17  49  779.1  503  720.2  34.9
15  17  51  779  502.3  719.8  34.9
15  17  53  778.8  501.7  719.3  34.9
15  17  55  778.6  501  718.8  34.9
15  17  57  778.5  500.4  718.3  35
15  17  59  778.3  499.8  718  35
15  18  01  778.2  499.1  717.5  35.1
15  18  03  778  498.5  717  35.1
15  18  05  777.8  497.8  716.5  35
15  18  07  777.6  497.2  716  35
15  18  09  777.5  496.5  715.5  34.9
15  18  11  777.3  495.9  715  35
15  18  13  777.2  495.3  714.5  35.1
15  18  15  777  494.7  714  35.1
15  18  17  776.9  494.1  713.5  35.1
15  18  19  776.7  493.5  712.9  35
15  18  21  776.6  492.9  712.4  35
15  18  23  776.4  492.3  711.9  35
15  18  25  776.2  491.7  711.4  35
15  18  27  776  491.1  710.9  35
15  18  29  775.8  490.5  710.4  35
15  18  31  775.7  489.8  709.9  35
15  18  33  775.5  489.8  709.4  35
15  18  35  775.3  489  709.1  35
15  18  37  775.1  488.4  708.6  35.1
15  18  39  774.9  487.8  708.1  35.1
15  18  41  774.7  487.2  707.6  35.1
15  18  43  774.5  486.6  707.1  35
15  18  45  774.4  486  706.5  35
15  18  47  774.2  486  706  35
15  18  49  774  485.2  705.5  35
15  18  51  773.8  484.6  705  35
15  18  53  773.6  484  704.5  35
15  18  55  773.4  483.4  704  35
15  18  57  773.1  482.6  703.5  35
15  18  59  772.9  482  702.9  35
15  19  01  772.7  481.4  702.7  35
15  19  03  772.5  480.8  702.1  35.1
15  19  05  772.2  480.2  701.6  35.1
15  19  07  772  479.6  701.1  35.1
15  19  09  771.8  479  700.6  35
15  19  11  771.7  479  700.1  35
15  19  13  771.5  478.4  699.6  34.9
15  19  15  771.3  477.8  699.1  34.9
15  19  17  771.1  477.1  698.6  34.9
15  19  19  770.9  476.5  698.1  35
15  19  21  770.7  475.9  697.6  35
15  19  23  770.4  475.9  697.1  35.1
15  19  25  770.2  475.1  696.5  35.1
15  19  27  770  474.5  696  35
15  19  29  769.7  473.8  695.8  35
15  19  31  769.5  473.2  695.2  35
15  19  33  769.2  473.2  694.7  35
15  19  35  769  472.4  694.2  35
15  19  37  768.7  472.4  693.7  35
15  19  39  768.5  471.6  693.2  35.1
15  19  41  768.2  470.9  692.6  35
15  19  43  768  470.9  692.1  35
15  19  45  767.7  470.1  691.6  35
15  19  47  767.6  469.4  691.1  35.1
15  19  49  767.4  469.4  690.5  35.1
15  19  51  767.1  468.6  690  35.1
15  19  53  766.8  467.9  689.5  35.1
15  19  55  766.6  467.9  689  35.1
15  19  57  766.3  467.1  688.5  35.1
15  19  59  766  466.4  688  35.1
15  20  01  765.8  466.4  687.4  35.1
15  20  03  765.5  465.6  687.2  35.1
15  20  05  765.3  465.6  686.7  35.1
15  20  07  765  464.9  686.2  35.1
15  20  09  764.7  464.1  685.6  35.1
15  20  11  764.4  464.1  685.1  35
15  20  13  764.3  463.4  684.6  35
15  20  15  764  462.7  684.1  35
15  20  17  763.7  462.7  683.6  35
15  20  19  763.4  462  683.1  35
15  20  21  763.2  461.4  682.6  35
15  20  23  762.9  461.4  682  34.9
15  20  25  762.6  460.6  681.5  34.8
15  20  27  762.3  460  681  34.8
15  20  29  762  460  680.5  34.8
15  20  31  761.7  459.2  680.2  34.9
15  20  33  761.4  458.6  679.7  34.9
15  20  35  761.2  458.6  679.2  34.9
15  20  37  760.9  457.9  678.6  34.9
15  20  39  760.7  457.9  678.1  34.9
15  20  41  760.4  457.2  677.6  34.9
15  20  43  760.1  456.6  677.1  34.9
15  20  45  759.8  456.6  676.6  34.9
15  20  47  759.5  455.9  676.1  34.8
15  20  49  759.2  455.3  675.5  34.8
15  20  51  758.9  455.3  675  34.8
15  20  53  758.6  454.5  674.5  34.9
15  20  55  758.3  453.9  674  34.9
15  20  57  758  453.9  673.7  34.9
15  20  59  757.7  453.2  673.2  34.9
15  21  01  757.4  452.4  672.7  34.8
15  21  03  757.1  452.4  672.1  34.8
15  21  05  756.8  451.7  671.6  34.8
15  21  07  756.5  451.7  671.1  34.7
15  21  09  756.1  450.9  670.6  34.7
15  21  11  755.8  450.3  670.1  34.7
15  21  13  755.5  450.3  669.5  34.7
15  21  15  755.3  449.6  669  34.8
15  21  17  755  449.6  668.5  34.8
15  21  19  754.8  448.8  668  34.9
15  21  21  754.5  448.2  667.6  34.9
15  21  23  754.2  448.2  667.1  34.9
15  21  25  753.8  447.5  666.6  34.9
15  21  27  753.5  446.8  666  34.9
15  21  29  753.1  446.8  665.5  34.9
15  21  31  752.8  446.2  665  34.9
15  21  33  752.5  446.2  664.7  34.9
15  21  35  752.2  445.4  664.2  34.9
15  21  37  751.8  444.8  663.7  34.9
15  21  39  751.5  444.8  663.2  35
15  21  41  751.2  444.1  662.7  35
15  21  43  751  443.5  662.2  35
15  21  45  750.6  443.5  661.7  35
15  21  47  750.3  442.7  661.2  35
15  21  49  750  442.1  660.6  34.9
15  21  51  749.7  442.1  660.1  34.9
15  21  53  749.3  441.4  659.6  34.9
15  21  55  749  440.8  659.1  35
15  21  57  748.6  440.8  658.6  35
15  21  59  748.3  440.1  658.1  35
15  22  01  747.9  439.5  657.8  35
15  22  03  747.6  439.5  657.3  35
15  22  05  747.2  438.9  656.8  35
15  22  07  746.9  438.3  656.3  35
15  22  09  746.7  438.3  655.8  35
15  22  11  746.3  437.7  655.3  35
15  22  13  746  437.7  654.8  34.9
15  22  15  745.6  437.1  654.3  34.9
15  22  17  745.2  436.5  653.8  34.8
15  22  19  744.9  436.5  653.2  34.8
15  22  21  744.5  435.9  652.7  34.8
15  22  23  744.1  435.9  652.2  34.8
15  22  25  743.8  435.1  651.7  34.9
15  22  27  743.4  434.5  651.4  34.9
15  22  29  743  434.5  650.9  35
15  22  31  742.7  433.9  650.4  35
15  22  33  742.3  433.2  649.9  35
15  22  35  742  433.2  649.4  35
15  22  37  741.6  432.6  648.9  34.9
15  22  39  741.2  432.6  648.4  34.8
15  22  41  740.8  431.9  647.9  34.8
15  22  43  740.5  431.9  647.4  34.8
15  22  45  740.3  431.1  646.9  34.9
15  22  47  739.9  431.1  646.4  34.9
15  22  49  739.6  430.3  645.9  34.9
15  22  51  739.2  430.3  645.4  34.9
15  22  53  738.8  429.7  644.9  34.9
15  22  55  738.5  429.1  644.4  34.9
15  22  57  738.1  429.1  643.9  34.9
15  22  59  737.8  428.5  643.4  34.9
15  23  01  737.4  427.9  642.9  34.9
15  23  03  737  427.9  642.7  35
15  23  05  736.6  427.3  642.2  35
15  23  07  736.2  427.3  641.7  35
15  23  09  735.9  426.5  641.1  35
15  23  11  735.5  426.5  640.6  34.9
15  23  13  735.3  425.9  640.1  34.9
15  23  15  734.9  425.3  639.7  34.9
15  23  17  734.5  425.3  639.2  34.9
15  23  19  734.1  424.6  638.7  34.9
15  23  21  733.8  424.6  638.2  34.9
15  23  23  733.4  424  637.7  34.9
15  23  25  733  423.4  637.2  34.9
15  23  27  732.6  423.4  636.7  34.9
15  23  29  732.2  422.8  636.2  34.9
15  23  31  731.8  422.2  635.9  34.9
15  23  33  731.4  422.2  635.4  34.9
15  23  35  731  421.5  634.9  35
15  23  37  730.6  421.5  634.4  35
15  23  39  730.4  420.9  633.9  35.1
15  23  41  730  420.9  633.4  35
15  23  43  729.6  420.2  632.9  35
15  23  45  729.3  419.6  632.4  34.9
15  23  47  728.9  419.6  631.9  34.9
15  23  49  728.5  419  631.4  34.9
15  23  51  728.1  418.4  630.9  35
15  23  53  727.7  418.4  630.4  35
15  23  55  727.3  417.8  629.9  35
15  23  57  726.9  417.2  629.7  35
15  23  59  726.5  417.2  629.2  35
15  24  01  726.1  416.6  628.7  35
15  24  03  725.7  416.6  628.2  34.9
15  24  05  725.3  415.8  627.7  34.9
15  24  07  724.9  415.8  627.2  34.9
15  24  09  724.5  415.1  626.7  35
15  24  11  724.1  415.1  626.2  35
15  24  13  723.7  414.5  625.7  35
15  24  15  723.5  414.5  625.2  35
15  24  17  723  413.7  624.7  34.9
15  24  19  722.6  413.7  624.2  34.9
15  24  21  722.2  413  623.8  34.9
15  24  23  721.8  413  623.3  34.9
15  24  25  721.4  412.3  622.8  34.9
15  24  27  721  412.3  622.3  34.9
15  24  29  720.6  411.6  621.8  35
15  24  31  720.2  411.6  621.3  35
15  24  33  719.8  410.8  621.1  35
15  24  35  719.4  410.8  620.6  34.9
15  24  37  719  410.2  620.1  34.9
15  24  39  718.6  410.2  619.6  34.9
15  24  41  718.2  409.6  619.1  34.9
15  24  43  718  409.6  618.6  34.9
15  24  45  717.5  408.9  618.1  34.9
15  24  47  717.1  408.9  617.6  34.9
15  24  49  716.7  408.2  617.1  34.9
15  24  51  716.3  407.6  616.7  34.9
15  24  53  715.9  407.6  616.2  34.9
15  24  55  715.4  406.9  615.7  34.8
15  24  57  715.1  406.9  615.2  34.8
15  24  59  714.7  406.3  614.7  34.9
15  25  01  714.3  406.3  614.5  34.9
15  25  03  713.9  405.7  614  35
15  25  05  713.5  405.7  613.6  35.1
15  25  07  713.1  405.1  613.1  35.1
15  25  09  712.8  405.1  612.6  35.1
15  25  11  712.4  404.5  612.1  35.1
15  25  13  712  404.5  611.7  35
15  25  15  711.6  403.9  611.2  35
15  25  17  711.1  403.9  610.7  35
15  25  19  710.7  403.2  610.2  35
15  25  21  710.3  403.2  609.7  35
15  25  23  709.9  402.5  609.2  35
15  25  25  709.5  402.5  608.8  35.1
15  25  27  709.1  401.8  608.5  35.1
15  25  29  708.6  401.8  608  35.1
15  25  31  708.2  401.1  607.6  35.1
15  25  33  707.8  401.1  607.1  35.1
15  25  35  707.4  400.5  606.6  35
15  25  37  706.9  400.5  606.1  35
15  25  39  706.5  399.8  605.6  35
15  25  41  706.1  399.8  605.2  35
15  25  43  705.7  399.1  604.7  35
15  25  45  705.4  399.1  604.2  35
15  25  47  705  398.5  603.7  35
15  25  49  704.6  398.5  603.3  35
15  25  51  704.2  397.9  602.8  35
15  25  53  703.7  397.9  602.3  35
15  25  55  703.3  397.3  601.9  35
15  25  57  702.9  397.3  601.4  35
15  25  59  702.4  397.1  600.9  35
15  26  01  702  396.8  600.4  35
15  26  03  701.6  396.7  600.2  35
15  26  05  701.2  396.3  599.7  35
15  26  07  700.7  395.9  599.2  35
15  26  09  700.3  395.6  598.8  35
15  26  11  699.9  395.3  598.3  34.9
15  26  13  699.6  395  597.8  34.9
15  26  15  699.2  394.6  597.3  34.9
15  26  17  698.8  394.3  596.9  34.9
15  26  19  698.3  394  596.4  34.9
15  26  21  697.9  393.6  595.9  34.9
15  26  23  697.5  393.3  595.5  34.9
15  26  25  697  393  595  34.9
15  26  27  696.6  392.7  594.6  34.9
15  26  29  696.2  392.4  594.1  34.9
15  26  31  695.8  392.1  593.9  34.9
15  26  33  695.3  391.8  593.4  34.9
15  26  35  694.9  391.5  592.9  34.9
15  26  37  694.5  391.1  592.4  34.9
15  26  39  694.2  391  592  34.9
15  26  41  693.8  390.6  591.5  34.9
15  26  43  693.3  390.3  591.1  35
15  26  45  692.9  390  590.6  35.1
15  26  47  692.5  389.7  590.1  35.1
15  26  49  692  389.4  589.7  35.1
15  26  51  691.6  389.1  589.2  35.1
15  26  53  691.2  388.8  588.8  35
15  26  55  690.7  388.5  588.3  35
15  26  57  690.3  388.2  588.1  35
15  26  59  689.9  387.8  587.6  35
15  27  01  689.4  387.5  587.2  35.1
15  27  03  689  387.2  586.7  35.1
15  27  05  688.6  386.9  586.2  35.2
15  27  07  688.1  386.7  585.8  35.2
15  27  09  687.7  386.4  585.3  35.2
15  27  11  687.3  386.1  584.9  35.2
15  27  13  686.8  385.8  584.4  35.1
15  27  15  686.6  385.5  584  35.1
15  27  17  686.2  385.2  583.6  35.1
15  27  19  685.8  384.9  583.1  35
15  27  21  685.4  384.7  582.7  35
15  27  23  684.9  384.4  582.2  35
15  27  25  684.5  384.1  581.8  35
15  27  27  684  383.8  581.3  35
15  27  29  683.6  383.4  580.9  35
15  27  31  683.2  383.1  580.4  35
15  27  33  682.7  382.9  580.2  35
15  27  35  682.3  382.6  579.7  35
15  27  37  681.9  382.3  579.3  35
15  27  39  681.4  382  578.8  35
15  27  41  681  381.7  578.4  35
15  27  43  680.8  381.4  577.9  35.1
15  27  45  680.3  381.1  577.5  35.1
15  27  47  679.9  380.8  577  35
15  27  49  679.5  380.5  576.6  35
15  27  51  679  380.2  576.1  35
15  27  53  678.6  379.9  575.7  35
15  27  55  678.1  379.6  575.2  35.1
15  27  57  677.7  379.3  574.8  35.1
15  27  59  677.3  379  574.3  35.1
15  28  01  676.8  378.7  574.1  35.1
15  28  03  676.4  378.5  573.7  35.1
15  28  05  675.9  378.2  573.2  35.1
15  28  07  675.5  378  572.8  35.1
15  28  09  675.1  377.8  572.3  35.1
15  28  11  674.6  377.5  571.9  35.1
15  28  13  674.2  377.2  571.4  35.1
15  28  15  674  376.9  571  35
15  28  17  673.5  376.7  570.6  35
15  28  19  673.1  376.4  570.1  35
15  28  21  672.6  376.1  569.7  35
15  28  23  672.2  375.8  569.2  35
15  28  25  671.8  375.5  568.8  35.1
15  28  27  671.3  375.2  568.3  35.1
15  28  29  670.9  374.9  567.9  35.1
15  28  31  670.4  374.7  567.7  35.1
15  28  33  670  374.4  567.2  35.1
15  28  35  669.6  374.1  566.8  35
15  28  37  669.1  373.8  566.3  35
15  28  39  668.9  373.6  565.9  34.9
15  28  41  668.5  373.4  565.4  34.8
15  28  43  668  373.1  565  34.8
15  28  45  667.6  372.8  564.6  34.9
15  28  47  667.2  372.6  564.1  35
15  28  49  666.7  372.3  563.7  35
15  28  51  666.3  372  563.2  35.1
15  28  53  665.9  371.8  562.8  35
15  28  55  665.5  371.5  562.4  35.1
15  28  57  665.1  371.3  562.2  35.1
15  28  59  664.6  371  561.8  35.1
15  29  01  664.2  370.8  561.3  35.1
15  29  03  663.8  370.5  560.9  35.1
15  29  05  663.3  370.2  560.5  35.1
15  29  07  662.9  370.1  560  35.1
15  29  09  662.5  369.8  559.6  35.1
15  29  11  662  369.5  559.1  35.1
15  29  13  661.6  369.2  558.7  35.1
15  29  15  661.4  368.9  558.3  35.1
15  29  17  660.9  368.6  557.8  35.2
15  29  19  660.5  368.4  557.4  35.2
15  29  21  660  368.1  557  35.2
15  29  23  659.6  367.8  556.6  35.2
15  29  25  659.1  367.5  556.1  35.2
15  29  27  658.7  367.2  555.7  35.1
15  29  29  658.2  366.9  555.3  35.1
15  29  31  657.8  366.6  554.8  35.1
15  29  33  657.4  366.5  554.6  35.1
15  29  35  656.9  366.2  554.2  35.2
15  29  37  656.5  365.9  553.8  35.2
15  29  39  656.1  365.6  553.3  35.2
15  29  41  655.6  365.3  552.9  35.3
15  29  43  655.4  365  552.5  35.3
15  29  45  655  364.8  552.1  35.2
15  29  47  654.5  364.5  551.6  35.2
15  29  49  654.1  364.2  551.2  35.1
15  29  51  653.6  363.9  550.8  35.1
15  29  53  653.2  363.7  550.3  35.1
15  29  55  652.8  363.4  549.9  35.1
15  29  57  652.3  363.1  549.5  35.1
15  29  59  651.9  362.9  549.1  35
15  30  01  651.4  362.7  548.9  35.1
15  30  03  651  362.4  548.4  35.1
15  30  05  650.6  362.2  548  35.1
15  30  07  650.1  361.9  547.6  35.2
15  30  09  649.9  361.8  547.2  35.2
15  30  11  649.5  361.6  546.7  35.4
15  30  13  649  361.3  546.3  35.4
15  30  15  648.6  361  545.9  35.4
15  30  17  648.2  360.8  545.5  35.2
15  30  19  647.7  360.5  545.1  35.1
15  30  21  647.3  360.2  544.7  35.2
15  30  23  646.9  360  544.2  35.2
15  30  25  646.4  359.7  543.8  35.2
15  30  27  646  359.5  543.6  35.3
15  30  29  645.6  359.2  543.2  35.2
15  30  31  645.1  359  542.7  35
15  30  33  644.7  358.8  542.3  34.8
15  30  35  644.2  358.5  541.9  34.6
15  30  37  643.8  358.4  541.5  34.5
15  30  39  643.4  358.1  541.1  34.4
15  30  41  642.9  357.9  540.7  34.4
15  30  43  642.5  357.6  540.3  34.4
15  30  45  642.3  357.4  539.8  34.5
15  30  47  641.8  357.1  539.4  34.5
15  30  49  641.4  356.9  539  34.5
15  30  51  641  356.7  538.6  34.5
15  30  53  640.5  356.4  538.2  34.4
15  30  55  640.1  356.2  537.8  34.5
15  30  57  639.7  355.9  537.4  34.5
15  30  59  639.2  355.7  537  34.6
15  31  01  638.8  355.5  536.5  34.7
15  31  03  638.4  355.4  536.3  34.8
15  31  05  637.9  355.1  535.9  34.9
15  31  07  637.5  354.9  535.5  34.9
15  31  09  637.1  354.6  535.1  34.9
15  31  11  636.6  354.4  534.7  34.9
15  31  13  636.4  354.1  534.2  34.9
15  31  15  636  353.9  533.8  34.9
15  31  17  635.6  353.6  533.5  35
15  31  19  635.2  353.4  533.1  35
15  31  21  634.8  353.1  532.7  35.1
15  31  23  634.4  352.9  532.3  35.1
15  31  25  633.9  352.6  531.9  35.1
15  31  27  633.5  352.4  531.5  35.1
15  31  29  633.1  352.1  531.1  35
15  31  31  632.6  351.9  530.9  35
15  31  33  632.2  351.6  530.5  34.9
15  31  35  631.8  351.3  530  34.8
15  31  37  631.3  351.1  529.6  34.8
15  31  39  631.1  351  529.2  34.8
15  31  41  630.6  350.7  528.8  34.8
15  31  43  630.2  350.5  528.4  34.8
15  31  45  629.8  350.3  528  34.8
15  31  47  629.4  350  527.6  34.8
15  31  49  628.9  349.8  527.2  34.8
15  31  51  628.5  349.6  526.8  34.8
15  31  53  628.1  349.3  526.4  34.8
15  31  55  627.7  349.1  526  34.8
15  31  57  627.2  348.9  525.8  34.8
15  31  59  626.8  348.7  525.4  34.9
15  32  01  626.4  348.4  525  35
15  32  03  625.9  348.2  524.6  35
15  32  05  625.5  348  524.2  35
15  32  07  625.1  347.9  523.8  35
15  32  09  624.6  347.7  523.4  35
15  32  11  624.2  347.5  523  35
15  32  13  623.8  347.2  522.6  35
15  32  15  623.6  347  522.2  35
15  32  17  623.1  346.8  521.8  35
15  32  19  622.7  346.6  521.4  35
15  32  21  622.3  346.4  521  35
15  32  23  621.8  346.1  520.6  35
15  32  25  621.4  345.9  520.2  35
15  32  27  621  345.6  519.8  35
15  32  29  620.6  345.4  519.4  35
15  32  31  620.2  345.1  519  35
15  32  33  619.7  345  518.8  35
15  32  35  619.3  344.7  518.4  35
15  32  37  618.9  344.5  518  35
15  32  39  618.4  344.2  517.6  35
15  32  41  618  344  517.3  35
15  32  43  617.8  343.7  516.9  35
15  32  45  617.4  343.5  516.5  35
15  32  47  616.9  343.2  516.1  35
15  32  49  616.5  343  515.7  35
15  32  51  616.1  342.7  515.3  34.9
15  32  53  615.7  342.5  514.9  34.9
15  32  55  615.3  342.3  514.5  34.9
15  32  57  614.8  342  514.1  34.9
15  32  59  614.4  341.8  513.8  34.9
15  33  01  614  341.6  513.6  35
15  33  03  613.5  341.4  513.2  35
15  33  05  613.1  341.1  512.8  34.9
15  33  07  612.7  340.9  512.4  34.9
15  33  09  612.5  340.8  512  34.8
15  33  11  612  340.6  511.6  34.8
15  33  13  611.6  340.4  511.2  34.8
15  33  15  611.2  340.1  510.8  34.8
15  33  17  610.8  339.9  510.4  34.9
15  33  19  610.4  339.7  510.1  34.9
15  33  21  609.9  339.4  509.7  34.9
15  33  23  609.5  339.2  509.3  34.9
15  33  25  609.1  339  508.9  34.9
15  33  27  608.7  338.8  508.7  34.9
15  33  29  608.3  338.6  508.3  35
15  33  31  607.8  338.3  508  35
15  33  33  607.4  338.1  507.6  35
15  33  35  607  337.9  507.2  35
15  33  37  606.6  337.7  506.8  34.9
15  33  39  606.2  337.5  506.4  34.9
15  33  41  605.7  337.3  506  34.9
15  33  43  605.3  337  505.7  34.9
15  33  45  605.1  336.8  505.3  35
15  33  47  604.7  336.6  504.9  35
15  33  49  604.3  336.4  504.5  34.9
15  33  51  603.8  336.1  504.1  34.9
15  33  53  603.4  335.9  503.8  34.9
15  33  55  603  335.7  503.4  34.9
15  33  57  602.6  335.4  503  34.9
15  33  59  602.2  335.2  502.7  34.9
15  34  01  601.8  335  502.3  35
15  34  03  601.4  334.9  502.1  35
15  34  05  601  334.7  501.8  35.1
15  34  07  600.6  334.5  501.4  35.1
15  34  09  600.2  334.3  501  35
15  34  11  599.7  334.1  500.7  35
15  34  13  599.5  333.9  500.3  35.1
15  34  15  599.1  333.6  499.9  35.1
15  34  17  598.7  333.4  499.6  35.1
15  34  19  598.3  333.1  499.2  35.1
15  34  21  597.9  332.9  498.8  35.1
15  34  23  597.5  332.6  498.4  35.1
15  34  25  597  332.4  498.1  35.1
15  34  27  596.6  332.1  497.7  35.1
15  34  29  596.2  331.9  497.3  35.1
15  34  31  595.8  331.7  497.1  35.1
15  34  33  595.4  331.4  496.8  35
15  34  35  595  331.2  496.4  35
15  34  37  594.6  331  496  35
15  34  39  594.4  330.8  495.6  35.1
15  34  41  593.9  330.6  495.3  35.1
15  34  43  593.5  330.4  494.9  35.1
15  34  45  593.1  330.1  494.5  35.1
15  34  47  592.7  329.9  494.2  35.1
15  34  49  592.3  329.7  493.8  35.1
15  34  51  591.9  329.4  493.4  35.1
15  34  53  591.5  329.2  493  35.1
15  34  55  591.1  329  492.7  35.1
15  34  57  590.7  328.8  492.5  35.1
15  34  59  590.2  328.6  492.1  35.1
15  35  01  589.8  328.4  491.7  35.1
15  35  03  589.4  328.2  491.4  35.1
15  35  05  589  328  491  35.1
15  35  07  588.6  327.9  490.6  35.1
15  35  09  588.2  327.7  490.3  35.1
15  35  11  587.8  327.5  489.9  35.1
15  35  13  587.4  327.3  489.5  35.1
15  35  15  587.2  327.1  489.2  35.1
15  35  17  586.8  326.9  488.8  35.1
15  35  19  586.4  326.7  488.5  35
15  35  21  586  326.5  488.1  35
15  35  23  585.6  326.3  487.8  34.9
15  35  25  585.1  326.1  487.4  34.9
15  35  27  584.7  325.9  487  35
15  35  29  584.3  325.6  486.7  35
15  35  31  583.9  325.4  486.3  35.1
15  35  33  583.5  325.3  486.2  35.1
15  35  35  583.1  325.1  485.8  35
15  35  37  582.7  324.9  485.4  35
15  35  39  582.3  324.7  485.1  35.1
15  35  41  581.9  324.4  484.7  35
15  35  43  581.7  324.2  484.3  35
15  35  45  581.3  324  484  35
15  35  47  580.9  323.8  483.6  35
15  35  49  580.5  323.6  483.3  35.1
15  35  51  580.1  323.4  482.9  35.1
15  35  53  579.7  323.2  482.6  35.1
15  35  55  579.3  323  482.2  35
15  35  57  578.9  322.8  481.8  35
15  35  59  578.5  322.6  481.5  35
15  36  01  578  322.4  481.3  35
15  36  03  577.6  322.2  481  35.1
15  36  05  577.2  322  480.6  35.1
15  36  07  576.9  321.8  480.2  35.1
15  36  09  576.7  321.6  479.9  35.1
15  36  11  576.3  321.4  479.5  35.1
15  36  13  575.9  321.2  479.2  35
15  36  15  575.5  321  478.8  35.1
15  36  17  575.1  320.8  478.5  35.1
15  36  19  574.7  320.6  478.1  35.1
15  36  21  574.3  320.4  477.8  35.1
15  36  23  573.9  320.1  477.4  35.1
15  36  25  573.5  319.9  477.1  35.1
15  36  27  573.1  319.7  476.9  35.1
15  36  29  572.7  319.5  476.5  35.1
15  36  31  572.3  319.3  476.2  35
15  36  33  571.9  319.1  475.8  35
15  36  35  571.5  318.9  475.5  35
15  36  37  571.1  318.8  475.1  35
15  36  39  570.7  318.6  474.8  35.1
15  36  41  570.3  318.4  474.4  35.1
15  36  43  569.9  318.2  474.1  35.1
15  36  45  569.7  318  473.8  35.2
15  36  47  569.3  317.8  473.4  35.2
15  36  49  568.9  317.6  473.1  35.2
15  36  51  568.5  317.5  472.7  35.2
15  36  53  568.1  317.3  472.4  35.2
15  36  55  567.7  317  472  35.2
15  36  57  567.3  316.8  471.7  35.2
15  36  59  566.9  316.6  471.3  35.2
15  37  01  566.5  316.4  471  35.3
15  37  03  566.1  316.3  470.8  35.3
15  37  05  565.7  316  470.5  35.2
15  37  07  565.3  315.8  470.1  35.2
15  37  09  564.9  315.6  469.8  35.2
15  37  11  564.5  315.3  469.5  35.2
15  37  13  564.3  315.1  469.1  35.2
15  37  15  563.9  314.9  468.8  35.2
15  37  17  563.5  314.6  468.4  35.2
15  37  19  563.1  314.4  468  35.2
15  37  21  562.7  314.2  467.7  35.2
15  37  23  562.3  314  467.4  35.2
15  37  25  561.9  313.7  467  35.1
15  37  27  561.5  313.5  466.7  35.1
15  37  29  561.1  313.3  466.4  35
15  37  31  560.7  313  466.2  35
15  37  33  560.3  312.8  465.8  34.9
15  37  35  559.9  312.6  465.5  34.9
15  37  37  559.6  312.4  465.1  35
15  37  39  559.4  312.3  464.8  35
15  37  41  559  312.1  464.4  35
15  37  43  558.6  311.9  464.1  35
15  37  45  558.2  311.7  463.8  35
15  37  47  557.8  311.5  463.4  35
15  37  49  557.4  311.3  463.1  35
15  37  51  557  311.1  462.8  35
15  37  53  556.6  310.9  462.4  35
15  37  55  556.2  310.7  462.1  35
15  37  57  555.9  310.5  462  35
15  37  59  555.5  310.3  461.6  35
15  38  01  555.1  310.1  461.3  35
15  38  03  554.7  309.9  460.9  35
15  38  05  554.3  309.7  460.6  35
15  38  07  553.9  309.6  460.3  35
15  38  09  553.5  309.5  459.9  35
15  38  11  553.1  309.3  459.6  35
15  38  13  552.8  309.1  459.3  34.9
15  38  15  552.6  308.9  458.9  34.9
15  38  17  552.2  308.7  458.6  34.9
15  38  19  551.8  308.5  458.2  34.9
15  38  21  551.4  308.3  457.9  34.9
15  38  23  551  308.1  457.6  34.9
15  38  25  550.6  307.9  457.3  34.9
15  38  27  550.2  307.7  456.9  34.9
15  38  29  549.8  307.5  456.6  34.9
15  38  31  549.5  307.3  456.3  34.9
15  38  33  549.1  307.2  456.1  34.9
15  38  35  548.7  307  455.8  34.9
15  38  37  548.3  306.8  455.4  34.9
15  38  39  547.9  306.6  455.1  34.9
15  38  41  547.5  306.4  454.8  34.9
15  38  43  547.4  306.2  454.5  34.9
15  38  45  547  306.1  454.1  34.9
15  38  47  546.6  305.9  453.8  34.9
15  38  49  546.2  305.7  453.5  34.9
15  38  51  545.8  305.5  453.1  34.9
15  38  53  545.4  305.3  452.8  34.9
15  38  55  545.1  305.1  452.5  34.9
15  38  57  544.7  304.9  452.2  34.9
15  38  59  544.3  304.7  451.8  34.9
15  39  01  543.9  304.5  451.7  34.9
15  39  03  543.6  304.3  451.4  34.9
15  39  05  543.2  304.1  451  34.9
15  39  07  542.8  303.9  450.7  34.9
15  39  09  542.6  303.8  450.4  34.9
15  39  11  542.2  303.6  450.1  34.9
15  39  13  541.8  303.4  449.7  34.9
15  39  15  541.5  303.2  449.4  34.9
15  39  17  541.1  303  449.1  34.9
15  39  19  540.7  302.8  448.8  34.8
15  39  21  540.4  302.7  448.5  34.9
15  39  23  540  302.5  448.1  34.9
15  39  25  539.6  302.3  447.8  34.9
15  39  27  539.2  302.1  447.6  34.8
15  39  29  538.9  302  447.3  34.8
15  39  31  538.5  301.9  447  34.8
15  39  33  538.2  301.7  446.7  34.8
15  39  35  537.8  301.5  446.4  34.9
15  39  37  537.4  301.4  446.1  34.9
15  39  39  537  301.2  445.8  34.9
15  39  41  536.7  301.1  445.5  34.9
15  39  43  536.3  300.9  445.2  34.9
15  39  45  536.1  300.7  444.8  34.9
15  39  47  535.7  300.5  444.5  35
15  39  49  535.4  300.4  444.2  35
15  39  51  535  300.2  443.9  35
15  39  53  534.6  300  443.6  35
15  39  55  534.2  299.8  443.2  35
15  39  57  533.9  299.6  442.9  35
15  39  59  533.5  299.4  442.6  35
15  40  01  533.1  299.2  442.3  35
15  40  03  532.7  299.1  442.1  34.9
15  40  05  532.4  298.9  441.8  34.9
15  40  07  532  298.7  441.5  34.9
15  40  09  531.6  298.4  441.2  34.9
15  40  11  531.2  298.2  440.9  35
15  40  13  531.1  298  440.6  35
15  40  15  530.7  297.8  440.3  35
15  40  17  530.3  297.6  440  35
15  40  19  530  297.4  439.6  35
15  40  21  529.6  297.1  439.3  35
15  40  23  529.2  296.9  439  35
15  40  25  528.8  296.7  438.7  35
15  40  27  528.5  296.5  438.4  35
15  40  29  528.1  296.3  438.1  35
15  40  31  527.8  296.1  437.9  35
15  40  33  527.4  295.9  437.6  35
15  40  35  527  295.7  437.3  35
15  40  37  526.6  295.5  437  35
15  40  39  526.4  295.4  436.7  35
15  40  41  526.1  295.2  436.3  35
15  40  43  525.7  295  436.1  35
15  40  45  525.4  294.8  435.7  35
15  40  47  525  294.6  435.4  35
15  40  49  524.6  294.4  435.1  34.9
15  40  51  524.3  294.2  434.8  34.9
15  40  53  523.9  294  434.5  34.9
15  40  55  523.5  293.8  434.2  34.9
15  40  57  523.2  293.7  434  34.9
15  40  59  522.8  293.5  433.7  34.9
15  41  01  522.5  293.3  433.4  34.9
15  41  03  522.1  293.2  433.1  34.9
15  41  05  521.7  293  432.8  35
15  41  07  521.4  292.9  432.5  35.1
15  41  09  521  292.7  432.2  35.1
15  41  11  520.6  292.6  431.9  35.1
15  41  13  520.3  292.4  431.6  35.1
15  41  15  520.1  292.2  431.3  35
15  41  17  519.7  292  431  35
15  41  19  519.4  291.9  430.7  35
15  41  21  519  291.7  430.4  35
15  41  23  518.6  291.5  430.1  35
15  41  25  518.3  291.3  429.8  35
15  41  27  517.9  291.1  429.4  35
15  41  29  517.5  291  429.1  34.9
15  41  31  517.2  290.8  428.8  34.9
15  41  33  516.8  290.7  428.7  34.9
15  41  35  516.5  290.6  428.4  34.9
15  41  37  516.1  290.4  428.1  34.9
15  41  39  515.8  290.2  427.8  35
15  41  41  515.4  290  427.5  35
15  41  43  515.2  289.9  427.1  35
15  41  45  514.9  289.7  426.8  35
15  41  47  514.5  289.5  426.6  35
15  41  49  514.1  289.4  426.3  35.1
15  41  51  513.8  289.2  426  35.1
15  41  53  513.4  289  425.7  35.1
15  41  55  513.1  288.8  425.4  35
15  41  57  512.7  288.7  425.1  34.8
15  41  59  512.4  288.5  424.8  34.6
15  42  01  512  288.4  424.6  34.3
15  42  03  511.6  288.2  424.3  32.6
15  42  05  511.3  288.1  424  32.6
15  42  07  510.9  287.9  423.7  31.9
15  42  09  510.8  287.8  423.4  31.9
15  42  11  510.4  287.7  423.1  31.9
15  42  13  510  287.5  422.9  31.9
15  42  15  509.7  287.4  422.6  31.9
15  42  17  509.3  287.2  422.3  31.7
15  42  19  509  287.1  422  31.6
15  42  21  508.6  286.9  421.7  31.4
15  42  23  508.3  286.7  421.4  31.2
15  42  25  507.9  286.5  421.1  30.9
15  42  27  507.6  286.4  421  30.7
15  42  29  507.3  286.2  420.7  30.4
15  42  31  506.9  286  420.4  30.2
15  42  33  506.6  285.8  420.1  30.2
15  42  35  506.2  285.6  419.8  30.1
15  42  37  505.8  285.5  419.5  30
15  42  39  505.5  285.3  419.2  29.8
15  42  41  505.2  285.2  418.9  29.7
15  42  43  504.8  285  418.7  29.7
15  42  45  504.6  284.8  418.5  29.8
