11  44  38	681.8	668.5	431.2
11  44  43	682.5	668.5	429.3
11  44  48	683.2	668.5	427.4
11  44  53	683.8	668.4	425.5
11  44  58	684.3	668.2	423.7
11  45  03	684.8	668	421.9
11  45  08	685.2	667.7	420.1
11  45  13	685.6	667.4	418.3
11  45  18	685.9	667.1	416.2
11  45  23	686.2	666.7	414.4
11  45  28	686.4	666.3	412.7
11  45  33	686.7	665.9	411
11  45  38	686.9	665.5	409.3
11  45  43	687.2	665.1	407.8
11  45  48	687.4	664.6	406.1
11  45  53	687.5	664.1	404.2
11  45  58	687.7	663.5	402.6
11  46  03	687.7	663	401
11  46  08	687.9	662.4	399.4
11  46  13	688	661.8	397.8
11  46  18	688	661.2	396.3
11  46  23	688.1	660.6	394.8
11  46  28	688.2	659.8	393.4
11  46  33	688.2	659.2	391.7
11  46  38	688.2	658.5	390.3
11  46  43	688.2	657.8	388.9
11  46  48	688.3	657.1	387.5
11  46  53	688.2	656.4	386.1
11  46  58	688.2	655.6	384.7
11  47  03	688.2	655	383.3
11  47  08	688.2	654.1	382
11  47  13	688.1	653.3	380.5
11  47  18	688	652.6	379.2
11  47  23	688	651.8	377.9
11  47  28	687.9	651	376.7
11  47  33	687.8	650.3	375.4
11  47  38	687.7	649.3	374.2
11  47  43	687.6	648.5	372.8
11  47  48	687.5	647.7	371.8
11  47  53	687.3	646.9	370.4
11  47  58	687.2	646	369.2
11  48  03	687.1	645.2	368
11  48  08	686.9	644.4	366.8
11  48  13	686.7	643.6	365.6
11  48  18	686.6	642.5	364.5
11  48  23	686.4	641.7	363.1
11  48  28	686.2	640.8	362
11  48  33	686.1	640	361
11  48  38	685.9	639.2	360
11  48  43	685.7	638.3	359
11  48  48	685.4	637.4	357.9
11  48  53	685.2	636.3	356.8
11  48  58	685	635.5	355.8
11  49  03	684.7	634.6	354.6
11  49  08	684.5	633.7	353.6
11  49  13	684.2	632.8	352.6
11  49  18	683.9	631.9	351.6
11  49  23	683.7	630.9	350.7
11  49  28	683.3	630	349.7
11  49  33	683	628.9	348.8
11  49  38	682.7	628	347.7
11  49  43	682.4	627.1	346.8
11  49  48	682.1	626.2	345.9
11  49  53	681.8	625.2	344.9
11  49  58	681.4	624.3	344
11  50  03	681.1	623.4	343.1
11  50  08	680.7	622.4	342.1
11  50  13	680.3	621.3	341.2
11  50  18	680	620.3	340.2
11  50  23	679.6	619.4	339.3
11  50  28	679.2	618.5	338.4
11  50  33	678.8	617.5	337.5
11  50  38	678.3	616.6	336.7
11  50  43	677.9	615.4	335.7
11  50  48	677.5	614.6	334.8
11  50  53	677.1	613.5	333.9
11  50  58	676.7	612.5	333
11  51  03	676.2	611.6	332.1
11  51  08	675.8	610.6	331.3
11  51  13	675.4	609.7	330.6
11  51  18	674.9	608.8	329.7
11  51  23	674.4	607.6	328.9
11  51  28	674	606.7	328
11  51  33	673.5	605.7	327.3
11  51  38	673	604.7	326.4
11  51  43	672.5	603.8	325.6
11  51  48	672	602.8	324.8
11  51  53	671.4	601.8	324
11  51  58	670.9	600.9	323.2
11  52  03	670.3	599.7	322.5
11  52  08	669.8	598.8	321.6
11  52  13	669.3	597.8	320.8
11  52  18	668.7	596.8	320
11  52  23	668.2	595.9	319.3
11  52  28	667.6	594.9	318.6
11  52  33	667	593.9	317.8
11  52  38	666.4	592.9	317
11  52  43	665.8	591.8	316.2
11  52  48	665.3	590.8	315.2
11  52  53	664.7	589.8	314.5
11  52  58	664.1	588.9	313.8
11  53  03	663.5	587.9	313.2
11  53  08	662.9	586.9	312.5
11  53  13	662.2	585.9	311.9
11  53  18	661.5	584.8	311.2
11  53  23	661	583.8	310.6
11  53  28	660.3	582.9	309.8
11  53  33	659.7	581.9	309.2
11  53  38	659	581	308.6
11  53  43	658.3	580	307.9
11  53  48	657.8	579	307.3
11  53  53	657	578	306.6
11  53  58	656.3	576.9	306
11  54  03	655.7	575.9	305.2
11  54  08	655	575	304.6
11  54  13	654.3	574	303.9
11  54  18	653.6	573.1	303.3
11  54  23	652.8	572.1	302.6
11  54  28	652.1	571	302
11  54  33	651.4	570.2	301.4
11  54  38	650.8	569	300.7
11  54  43	650.1	568.1	299.9
11  54  48	649.3	567.1	299.3
11  54  53	648.6	566.2	298.8
11  54  58	648	565.2	298.2
11  55  03	647.1	564.3	297.5
11  55  08	646.4	563.1	297
11  55  13	645.7	562.2	296.3
11  55  18	645	561.3	295.9
11  55  23	644.3	560.4	295.2
11  55  28	643.6	559.4	294.7
11  55  33	642.8	558.5	294.1
11  55  38	641.9	557.5	293.5
11  55  43	641.2	556.6	292.9
11  55  48	640.5	555.5	292.3
11  55  53	639.7	554.5	291.6
11  55  58	639	553.6	291
11  56  03	638.2	552.6	290.3
11  56  08	637.5	551.7	289.7
11  56  13	636.7	550.8	289.1
11  56  18	635.8	549.8	288.5
11  56  23	635	548.9	287.9
11  56  28	634.2	547.8	287.3
11  56  33	633.4	546.8	286.7
11  56  38	632.7	545.9	286.2
11  56  43	631.9	545	285.7
11  56  48	631.1	544.1	285.2
11  56  53	630.3	543.1	284.7
11  56  58	629.4	542.2	284.1
11  57  03	628.7	541.1	283.6
11  57  08	627.8	540.2	283
11  57  13	627	539.2	282.3
11  57  18	626.2	538.3	281.8
11  57  23	625.4	537.4	281.3
11  57  28	624.5	536.5	280.8
11  57  33	623.9	535.6	280.3
11  57  38	622.9	534.6	279.8
11  57  43	622.1	533.6	279.3
11  57  48	621.3	532.7	278.7
11  57  53	620.5	531.7	278.2
11  57  58	619.7	530.8	277.7
11  58  03	618.9	529.9	277.2
11  58  08	617.9	529	276.7
11  58  13	617.1	528	276.2
11  58  18	616.3	527.2	275.6
11  58  23	615.5	526.2	275.1
11  58  28	614.6	525.3	274.7
11  58  33	613.8	524.4	274.3
11  58  38	613	523.5	273.8
11  58  43	612.1	522.6	273.2
11  58  48	611.2	521.7	272.7
11  58  53	610.3	520.6	272.3
11  58  58	609.5	519.7	271.7
11  59  03	608.6	518.8	271.3
11  59  08	607.8	517.9	270.8
11  59  13	607	517	270.4
11  59  18	606.2	516.2	269.9
11  59  23	605.2	515.3	269.5
11  59  28	604.3	514.4	269
11  59  33	603.5	513.3	268.5
11  59  38	602.6	512.4	267.9
11  59  43	601.8	511.6	267.5
11  59  48	601	510.7	267.1
11  59  53	600.1	509.8	266.6
11  59  58	599.3	509	266.2
12  00  03	598.4	508.1	265.8
12  00  08	597.5	507.3	265.3
12  00  13	596.7	506.2	264.8
12  00  18	595.9	505.4	264.3
12  00  23	595	504.5	263.8
12  00  28	594.1	503.6	263.3
12  00  33	593.3	502.8	262.9
12  00  38	592.5	501.9	262.5
12  00  43	591.5	501.1	262
12  00  48	590.6	500.1	261.5
12  00  53	589.8	499.2	261.1
12  00  58	589	498.3	260.6
12  01  03	588.1	497.5	260.2
12  01  08	587.2	496.7	259.7
12  01  13	586.4	495.8	259.3
12  01  18	585.6	494.9	258.9
12  01  23	584.5	494.1	258.4
12  01  28	583.7	493.1	258
12  01  33	582.9	492.3	257.5
12  01  38	582	491.4	257.1
12  01  43	581.2	490.6	256.7
12  01  48	580.3	489.7	256.3
12  01  53	579.3	488.9	255.8
12  01  58	578.6	488.1	255.4
12  02  03	577.6	487.3	255
12  02  08	576.8	486.3	254.6
12  02  13	575.9	485.4	254.1
12  02  18	575.1	484.6	253.7
12  02  23	574.2	483.8	253.3
12  02  28	573.4	482.9	252.9
12  02  33	572.4	482.1	252.5
12  02  38	571.5	481.2	252.2
12  02  43	570.7	480.5	251.8
12  02  48	569.8	479.6	251.4
12  02  53	569	478.7	250.9
12  02  58	568.1	477.9	250.5
12  03  03	567.3	477.1	250.1
12  03  08	566.4	476.3	249.7
12  03  13	565.4	475.5	249.4
12  03  18	564.5	474.5	249
12  03  23	563.7	473.7	248.5
12  03  28	562.8	472.9	248.2
12  03  33	562	472.1	247.7
12  03  38	561.1	471.3	247.3
12  03  43	560.3	470.5	246.9
12  03  48	559.4	469.8	246.6
12  03  53	558.5	469	246.2
12  03  58	557.6	468.1	245.8
12  04  03	556.8	467.3	245.3
12  04  08	556	466.5	244.9
12  04  13	555.1	465.7	244.5
12  04  18	554.3	464.9	244.1
12  04  23	553.5	464.1	243.7
12  04  28	552.5	463.4	243.3
12  04  33	551.6	462.4	243
12  04  38	550.7	461.6	242.6
12  04  43	549.9	460.9	242.2
12  04  48	549.1	460.1	241.8
12  04  53	548.2	459.3	241.4
12  04  58	547.4	458.5	241.1
12  05  03	546.6	457.8	240.7
12  05  08	545.6	457	240.3
12  05  13	544.7	456	239.9
12  05  18	543.9	455.3	239.5
12  05  23	543	454.5	239.1
12  05  28	542.2	453.7	238.8
12  05  33	541.4	453	238.4
12  05  38	540.4	452.2	238
12  05  43	539.7	451.4	237.7
12  05  48	538.7	450.7	237.4
12  05  53	537.9	449.8	237
12  05  58	537	449	236.5
12  06  03	536.2	448.3	236.1
12  06  08	535.3	447.5	235.7
12  06  13	534.5	446.8	235.4
12  06  18	533.6	446.1	235
12  06  23	532.7	445.2	234.6
12  06  28	531.9	444.6	234.2
12  06  33	531.1	443.7	233.8
12  06  38	530.2	442.9	233.5
12  06  43	529.4	442.2	233.2
12  06  48	528.6	441.5	232.9
12  06  53	527.8	440.7	232.6
12  06  58	526.8	440	232.3
12  07  03	526	439.1	232
12  07  08	525.1	438.4	231.6
12  07  13	524.3	437.7	231.3
12  07  18	523.5	436.9	230.9
12  07  23	522.7	436.2	230.6
12  07  28	521.9	435.5	230.3
12  07  33	520.9	434.7	230
12  07  38	520.1	434	229.7
12  07  43	519.3	433.1	229.3
12  07  48	518.5	432.4	228.9
12  07  53	517.6	431.7	228.5
12  07  58	516.8	431	228.2
12  08  03	516	430.3	227.9
12  08  08	515.2	429.6	227.6
12  08  13	514.2	428.9	227.3
12  08  18	513.5	428.1	227
12  08  23	512.7	427.4	226.7
12  08  28	511.9	426.7	226.3
12  08  33	511	425.9	226
12  08  38	510.2	425.2	225.6
12  08  43	509.4	424.6	225.3
12  08  48	508.6	423.8	225
12  08  53	507.7	423.1	224.6
12  08  58	506.9	422.3	224.3
12  09  03	506.1	421.6	223.9
12  09  08	505.3	420.9	223.6
12  09  13	504.5	420.2	223.2
12  09  18	503.7	419.5	222.9
12  09  23	502.7	418.9	222.5
12  09  28	502.1	418.2	222.2
12  09  33	501.1	417.5	221.9
12  09  38	500.4	416.6	221.6
12  09  43	499.6	416	221.3
12  09  48	498.8	415.3	220.9
12  09  53	498	414.6	220.6
12  09  58	497.2	413.9	220.3
12  10  03	496.2	413.2	220
12  10  08	495.4	412.4	219.7
12  10  13	494.7	411.9	219.4
12  10  18	493.9	411.1	219
12  10  23	493.1	410.4	218.6
12  10  28	492.3	409.7	218.3
12  10  33	491.5	409.1	218
12  10  38	490.8	408.4	217.7
12  10  43	489.8	407.7	217.4
12  10  48	489	406.9	217.1
12  10  53	488.3	406.3	216.7
12  10  58	487.5	405.6	216.4
12  11  03	486.7	404.9	216
12  11  08	486	404.3	215.7
12  11  13	485.2	403.6	215.4
12  11  18	484.2	403	215.1
12  11  23	483.5	402.3	214.8
12  11  28	482.7	401.6	214.5
12  11  33	481.9	400.9	214.1
12  11  38	481.2	400.3	213.8
12  11  43	480.4	399.6	213.5
12  11  48	479.6	399	213.2
12  11  53	478.9	398.4	212.9
12  11  58	478	397.8	212.7
12  12  03	477.3	397	212.5
12  12  08	476.5	396.4	212.2
12  12  13	475.8	395.7	211.9
12  12  18	475	395.1	211.6
12  12  23	474.3	394.5	211.2
12  12  28	473.5	393.8	210.9
12  12  33	472.8	393.2	210.7
12  12  38	471.9	392.6	210.3
12  12  43	471.2	391.8	210
12  12  48	470.4	391.2	209.7
12  12  53	469.6	390.6	209.4
12  12  58	468.9	389.9	209.1
12  13  03	468.1	389.3	208.8
12  13  08	467.3	388.7	208.6
12  13  13	466.6	388.1	208.3
12  13  18	465.8	387.4	208
12  13  23	465	386.7	207.7
12  13  28	464.3	386.1	207.3
12  13  33	463.5	385.5	207.1
12  13  38	462.8	384.9	206.8
12  13  43	462.1	384.2	206.6
12  13  48	461.2	383.6	206.3
12  13  53	460.5	382.9	206
12  13  58	459.7	382.4	205.8
12  14  03	459	381.7	205.5
12  14  08	458.3	381.1	205.2
12  14  13	457.6	380.5	204.9
12  14  18	456.8	379.9	204.7
12  14  23	456.1	379.3	204.4
12  14  28	455.2	378.7	204.1
12  14  33	454.5	378	203.9
12  14  38	453.8	377.4	203.6
12  14  43	453.1	376.8	203.4
12  14  48	452.4	376.2	203
12  14  53	451.6	375.6	202.7
12  14  58	450.9	375	202.5
12  15  03	450.1	374.4	202.2
12  15  08	449.4	373.8	202
12  15  13	448.7	373.1	201.7
12  15  18	448	372.5	201.4
12  15  23	447.4	371.9	201.2
12  15  28	446.8	371.4	200.9
12  15  33	446.3	370.8	200.6
12  15  38	445.6	370.2	200.4
12  15  43	444.6	369.6	200.1
12  15  48	443.7	368.9	199.8
12  15  53	442.9	368.3	199.5
12  15  58	442.3	367.8	199.2
12  16  03	441.6	367.3	198.9
12  16  08	440.9	366.7	198.7
12  16  13	440.3	366.1	198.4
12  16  18	439.6	365.5	198.2
12  16  23	438.7	365	198
12  16  28	438	364.3	197.7
12  16  33	437.4	363.7	197.4
12  16  38	436.7	363.2	197.1
12  16  43	436.1	362.6	196.9
12  16  48	435.5	362	196.6
12  16  53	434.8	361.5	196.4
12  16  58	434.3	360.9	196.2
12  17  03	433.5	360.3	196
12  17  08	432.8	359.6	195.7
12  17  13	432.2	359.1	195.5
12  17  18	431.5	358.5	195.2
12  17  23	430.8	358	195
12  17  28	430.1	357.4	194.7
12  17  33	429.3	356.9	194.5
12  17  38	428.7	356.2	194.2
12  17  43	428	355.8	194
12  17  48	427.3	355.2	193.7
12  17  53	426.6	354.6	193.4
12  17  58	425.9	354	193.2
12  18  03	425.3	353.5	193
12  18  07	425	353.2	192.9
12  18  17	423.6	352.1	192.5
