14  27  30  582.6  565.8  394.4  26.6
14  27  32  582.7  565.9  394  26.6
14  27  34  582.8  565.8  393.7  26.6
14  27  36  582.8  565.8  393.2  26.6
14  27  38  582.9  565.8  392.8  26.6
14  27  40  583  565.8  392.4  26.6
14  27  42  583.1  565.7  392  26.6
14  27  44  583.2  565.7  391.6  26.6
14  27  46  583.2  565.6  391.4  26.6
14  27  48  583.3  565.6  391  26.6
14  27  50  583.3  565.5  390.6  26.6
14  27  52  583.4  565.4  390.1  26.6
14  27  54  583.5  565.4  389.7  26.6
14  27  56  583.5  565.3  389.3  26.6
14  27  58  583.5  565.2  388.9  26.6
14  28  00  583.6  565.1  388.4  26.6
14  28  02  583.7  565  388  26.6
14  28  04  583.7  564.9  387.5  26.6
14  28  06  583.7  564.8  387.1  26.6
14  28  08  583.8  564.7  386.6  26.6
14  28  10  583.8  564.6  386.2  26.6
14  28  12  583.9  564.5  385.7  26.6
14  28  14  583.9  564.4  385.5  26.6
14  28  16  583.9  564.2  385  26.6
14  28  18  584  564.1  384.5  26.6
14  28  20  584  563.9  384.1  26.6
14  28  22  584  563.9  383.6  26.6
14  28  24  584  563.7  383.2  26.6
14  28  26  584.1  563.6  382.7  26.6
14  28  28  584.1  563.4  382.2  26.6
14  28  30  584.1  563.2  381.7  26.6
14  28  32  584.2  563.1  381.2  26.6
14  28  34  584.2  562.9  380.7  26.6
14  28  36  584.2  562.7  380.3  26.6
14  28  38  584.3  562.6  379.8  26.6
14  28  40  584.3  562.4  379.6  26.6
14  28  42  584.3  562.2  379.1  26.6
14  28  44  584.3  562.1  378.6  26.6
14  28  46  584.3  561.9  378.2  26.6
14  28  48  584.3  561.7  377.7  26.6
14  28  50  584.4  561.6  377.2  26.6
14  28  52  584.4  561.4  376.8  26.6
14  28  54  584.4  561.2  376.3  26.6
14  28  56  584.4  561  375.9  26.6
14  28  58  584.4  560.8  375.5  26.6
14  29  00  584.4  560.6  375  26.6
14  29  02  584.5  560.4  374.6  26.6
14  29  04  584.5  560.2  374.1  26.6
14  29  06  584.5  560  373.7  26.6
14  29  08  584.5  559.8  373.2  26.6
14  29  10  584.5  559.6  372.8  26.6
14  29  12  584.5  559.4  372.3  26.6
14  29  14  584.5  559.2  371.9  26.6
14  29  16  584.5  559.1  371.7  26.6
14  29  18  584.5  558.8  371.2  26.6
14  29  20  584.5  558.6  370.8  26.7
14  29  22  584.5  558.4  370.4  26.6
14  29  24  584.5  558.2  369.9  26.6
14  29  26  584.5  558  369.5  26.6
14  29  28  584.5  557.7  369.1  26.6
14  29  30  584.4  557.5  368.6  26.6
14  29  32  584.4  557.3  368.2  26.6
14  29  34  584.4  557  367.7  26.6
14  29  36  584.4  556.8  367.3  26.6
14  29  38  584.4  556.6  366.9  26.7
14  29  40  584.3  556.3  366.5  26.7
14  29  42  584.3  556.1  366.1  26.7
14  29  44  584.3  555.8  365.9  26.7
14  29  46  584.3  555.6  365.5  26.7
14  29  48  584.3  555.3  365  26.7
14  29  50  584.3  555.1  364.6  26.7
14  29  52  584.3  555  364.2  26.7
14  29  54  584.3  554.7  363.8  26.7
14  29  56  584.2  554.5  363.3  26.7
14  29  58  584.2  554.2  362.9  26.7
14  30  00  584.2  554  362.5  26.7
14  30  02  584.1  553.7  362  26.7
14  30  04  584.1  553.4  361.6  26.7
14  30  06  584.1  553.2  361.2  26.7
14  30  08  584.1  552.9  360.8  26.7
14  30  10  584  552.7  360.6  26.7
14  30  12  584  552.4  360.1  26.7
14  30  14  584  552.1  359.8  26.7
14  30  16  583.9  551.9  359.4  26.7
14  30  18  583.9  551.6  358.9  26.6
14  30  20  583.8  551.4  358.5  26.6
14  30  22  583.8  551.1  358.1  26.6
14  30  24  583.7  550.8  357.7  26.6
14  30  26  583.7  550.6  357.3  26.6
14  30  28  583.7  550.3  356.9  26.6
14  30  30  583.6  550  356.6  26.6
14  30  32  583.6  549.7  356.2  26.6
14  30  34  583.6  549.5  355.8  26.6
14  30  36  583.5  549.2  355.4  26.6
14  30  38  583.5  548.9  355.1  26.6
14  30  40  583.4  548.6  354.7  26.6
14  30  42  583.4  548.4  354.3  26.6
14  30  44  583.3  548.1  353.9  26.6
14  30  46  583.3  547.9  353.7  26.6
14  30  48  583.2  547.7  353.4  26.6
14  30  50  583.2  547.4  353  26.6
14  30  52  583.1  547.1  352.6  26.6
14  30  54  583.1  546.8  352.3  26.6
14  30  56  583.1  546.5  351.9  26.6
14  30  58  583  546.3  351.5  26.6
14  31  00  583  546  351.1  26.6
14  31  02  582.9  545.7  350.7  26.6
14  31  04  582.9  545.4  350.3  26.6
14  31  06  582.8  545.1  349.9  26.6
14  31  08  582.8  544.8  349.6  26.6
14  31  10  582.7  544.5  349.2  26.6
14  31  12  582.7  544.2  348.8  26.6
14  31  14  582.6  543.9  348.6  26.6
14  31  16  582.5  543.6  348.3  26.6
14  31  18  582.5  543.3  347.9  26.6
14  31  20  582.4  543  347.5  26.6
14  31  22  582.4  542.9  347.1  26.6
14  31  24  582.3  542.6  346.8  26.6
14  31  26  582.2  542.3  346.4  26.6
14  31  28  582.2  542  346.1  26.6
14  31  30  582.1  541.7  345.7  26.6
14  31  32  582  541.4  345.4  26.6
14  31  34  582  541.1  345  26.6
14  31  36  581.9  540.8  344.7  26.6
14  31  38  581.8  540.5  344.4  26.6
14  31  40  581.8  540.2  344.2  26.6
14  31  42  581.7  539.9  343.9  26.6
14  31  44  581.6  539.6  343.5  26.6
14  31  46  581.5  539.2  343.2  26.6
14  31  48  581.5  538.9  342.9  26.6
14  31  50  581.4  538.8  342.5  26.6
14  31  52  581.3  538.4  342.2  26.6
14  31  54  581.2  538.1  341.8  26.6
14  31  56  581.2  537.9  341.4  26.6
14  31  58  581.1  537.6  341.1  26.6
14  32  00  581  537.3  340.7  26.6
14  32  02  580.9  537  340.4  26.6
14  32  04  580.9  536.7  340  26.6
14  32  06  580.8  536.3  339.7  26.7
14  32  08  580.7  536  339.3  26.7
14  32  10  580.6  535.7  339  26.7
14  32  12  580.5  535.4  338.6  26.7
14  32  14  580.4  535.1  338.3  26.7
14  32  16  580.3  534.9  338.1  26.7
14  32  18  580.3  534.6  337.8  26.7
14  32  20  580.2  534.3  337.4  26.7
14  32  22  580.1  533.9  337.1  26.7
14  32  24  580  533.6  336.8  26.7
14  32  26  579.9  533.3  336.4  26.7
14  32  28  579.8  533  336.1  26.7
14  32  30  579.7  532.7  335.8  26.7
14  32  32  579.6  532.4  335.5  26.7
14  32  34  579.5  532.1  335.1  26.7
14  32  36  579.4  531.7  334.8  26.7
14  32  38  579.3  531.4  334.5  26.7
14  32  40  579.2  531.1  334.1  26.7
14  32  42  579.1  530.8  333.8  26.7
14  32  44  579  530.5  333.6  26.7
14  32  46  578.9  530.2  333.3  26.7
14  32  48  578.8  529.9  333  26.7
14  32  50  578.7  529.5  332.6  26.7
14  32  52  578.6  529.4  332.3  26.7
14  32  54  578.5  529  332  26.7
14  32  56  578.4  528.7  331.7  26.7
14  32  58  578.3  528.4  331.4  26.7
14  33  00  578.2  528.1  331.1  26.7
14  33  02  578.1  527.8  330.8  26.7
14  33  04  578  527.4  330.4  26.7
14  33  06  577.9  527.1  330.1  26.7
14  33  08  577.7  526.8  329.8  26.7
14  33  10  577.6  526.5  329.6  26.7
14  33  12  577.5  526.1  329.3  26.7
14  33  14  577.4  525.8  329  26.7
14  33  16  577.3  525.5  328.7  26.7
14  33  18  577.2  525.2  328.4  26.7
14  33  20  577  525  328.1  26.7
14  33  22  576.9  524.7  327.8  26.7
14  33  24  576.8  524.3  327.5  26.7
14  33  26  576.7  524  327.2  26.7
14  33  28  576.6  523.7  326.9  26.7
14  33  30  576.5  523.4  326.6  26.7
14  33  32  576.3  523  326.3  26.8
14  33  34  576.2  522.7  326  26.8
14  33  36  576.1  522.4  325.7  26.8
14  33  38  575.9  522.1  325.4  26.8
14  33  40  575.8  521.8  325.1  26.8
14  33  42  575.7  521.4  324.8  26.8
14  33  44  575.6  521.1  324.5  26.8
14  33  46  575.4  521  324.4  26.8
14  33  48  575.3  520.6  324.1  26.8
14  33  50  575.1  520.3  323.8  26.8
14  33  52  575  519.9  323.5  26.8
14  33  54  574.9  519.6  323.2  26.8
14  33  56  574.8  519.3  322.9  26.8
14  33  58  574.7  518.9  322.6  26.8
14  34  00  574.5  518.6  322.3  26.8
14  34  02  574.4  518.3  322  26.8
14  34  04  574.2  517.9  321.7  26.8
14  34  06  574.1  517.6  321.5  26.8
14  34  08  573.9  517.3  321.2  26.8
14  34  10  573.8  516.9  320.9  26.8
14  34  12  573.7  516.6  320.6  26.8
14  34  14  573.5  516.3  320.5  26.8
14  34  16  573.4  516  320.2  26.8
14  34  18  573.2  515.7  320  26.8
14  34  20  573.1  515.3  319.7  26.8
14  34  22  573  515.1  319.4  26.7
14  34  24  572.8  514.8  319.1  26.7
14  34  26  572.6  514.4  318.7  26.7
14  34  28  572.4  514.1  318.4  26.7
14  34  30  572.3  513.7  318.2  26.7
14  34  32  572.1  513.4  317.9  26.7
14  34  34  572  513.1  317.7  26.7
14  34  36  571.8  512.7  317.4  26.7
14  34  38  571.6  512.4  317.1  26.7
14  34  40  571.5  512.1  317  26.7
14  34  42  571.3  511.7  316.7  26.7
14  34  44  571.2  511.4  316.4  26.7
14  34  46  571.2  511.1  316.1  26.7
14  34  48  571.1  510.8  315.9  26.7
14  34  50  571.1  510.6  315.6  26.7
14  34  52  571  510.3  315.3  26.7
14  34  54  570.9  509.9  315.1  26.7
14  34  56  570.7  509.6  314.8  26.7
14  34  58  570.6  509.2  314.6  26.7
14  35  00  570.5  508.9  314.3  26.7
14  35  02  570.3  508.6  314.1  26.7
14  35  04  570.2  508.2  313.8  26.7
14  35  06  570  507.9  313.5  26.7
14  35  08  569.8  507.6  313.3  26.7
14  35  10  569.7  507.2  313  26.7
14  35  12  569.5  506.9  312.7  26.7
14  35  14  569.4  506.6  312.5  26.7
14  35  16  569.2  506.4  312.3  26.7
14  35  18  569  506.1  312.1  26.7
14  35  20  570.6  505.8  311.8  26.7
14  35  22  577.2  505.4  311.5  26.7
14  35  24  572.9  505.1  311.3  26.7
14  35  26  571.6  504.8  311  26.7
14  35  28  570.1  504.4  310.8  26.7
14  35  30  569.1  504.1  310.5  26.7
14  35  32  569.1  503.8  310.3  26.7
14  35  34  569.1  503.4  310  26.7
14  35  36  569.1  503.1  309.8  26.7
14  35  38  569.2  502.8  309.5  26.7
14  35  40  569.2  502.4  309.3  26.7
14  35  42  569.1  502.1  309  26.7
14  35  44  568.9  501.8  308.9  26.7
14  35  46  568.7  501.5  308.6  26.7
14  35  48  568.3  501.1  308.4  26.7
14  35  50  568  500.8  308.1  26.7
14  35  52  567.9  500.6  307.8  26.7
14  35  54  567.6  500.3  307.6  26.7
14  35  56  567.4  499.9  307.3  26.7
14  35  58  567.2  499.6  307.1  26.7
14  36  00  567  499.2  306.8  26.7
14  36  02  566.8  498.9  306.6  26.7
14  36  04  566.6  498.6  306.3  26.7
14  36  06  566.4  498.2  306.1  26.8
14  36  08  566.3  497.9  305.8  26.8
14  36  10  566.1  497.6  305.7  26.8
14  36  12  565.9  497.2  305.4  26.8
14  36  14  574.2  496.9  305.2  26.8
14  36  16  576.9  496.6  304.9  26.8
14  36  18  576.3  496.3  304.7  26.8
14  36  20  576.3  496.1  304.5  26.8
14  36  22  576.2  495.8  304.2  26.8
14  36  24  576.2  495.4  304  26.8
14  36  26  576.5  495.1  303.8  26.8
14  36  28  581  494.7  303.5  26.8
14  36  30  576.4  494.4  303.3  26.8
14  36  32  572.1  494.1  303  26.8
14  36  34  570.6  493.7  302.8  26.8
14  36  36  570.6  493.4  302.5  26.8
14  36  38  570.5  493.1  302.2  26.8
14  36  40  570.4  492.7  302  26.8
14  36  42  569.5  492.4  301.7  26.8
14  36  44  569.5  492.1  301.5  26.8
14  36  46  569.3  491.9  301.4  26.8
14  36  48  569.3  491.5  301.1  26.8
14  36  50  569.1  491.2  300.9  26.8
14  36  52  568  490.9  300.7  26.8
14  36  54  567.3  490.6  300.4  26.8
14  36  56  567.3  490.2  300.2  26.8
14  36  58  567.3  489.9  300  26.8
14  37  00  567.3  489.6  299.8  26.8
14  37  02  566.9  489.3  299.6  26.8
14  37  04  566.3  488.9  299.4  26.8
14  37  06  566.3  488.6  299.2  26.8
14  37  08  566.2  488.3  298.9  26.8
14  37  10  565  487.9  298.7  26.8
14  37  12  564.3  487.6  298.5  26.8
14  37  14  564.3  487.3  298.3  26.8
14  37  16  563.1  486.9  298.1  26.8
14  37  18  561.8  486.6  297.9  26.8
14  37  20  561.8  486.3  297.7  26.8
14  37  22  561  486.1  297.4  26.8
14  37  24  561  485.8  297.2  26.8
14  37  26  560.2  485.4  296.9  26.8
14  37  28  560.2  485.1  296.7  26.8
14  37  30  560.2  484.8  296.4  26.8
14  37  32  561.3  484.5  296.2  26.8
14  37  34  561.3  484.1  296  26.9
14  37  36  561.3  483.8  295.7  26.8
14  37  38  561.4  483.5  295.5  26.8
14  37  40  561  483.2  295.4  26.8
14  37  42  561  482.8  295.1  26.8
14  37  44  560.2  482.5  294.9  26.9
14  37  46  560.2  482.2  294.7  26.8
14  37  48  560.2  481.8  294.4  26.8
14  37  50  560.1  481.6  294.1  26.8
14  37  52  560  481.3  293.9  26.8
14  37  54  559.8  480.9  293.7  26.8
14  37  56  559.6  480.6  293.4  26.8
14  37  58  559.5  480.3  293.2  26.8
14  38  00  559.3  480  293  26.8
14  38  02  559.1  479.6  292.8  26.8
14  38  04  558.9  479.3  292.5  26.8
14  38  06  552.1  479  292.3  26.8
14  38  08  550.9  478.6  292.1  26.8
14  38  10  550.9  478.3  291.9  26.8
14  38  12  550.3  478  291.7  26.8
14  38  14  550.3  477.7  291.5  26.8
14  38  16  550.2  477.5  291.4  26.8
14  38  18  550  477.2  291.1  26.8
14  38  20  549.8  476.8  290.9  26.8
14  38  22  549.5  476.5  290.7  26.8
14  38  24  549.2  476.2  290.5  26.8
14  38  26  549.1  475.8  290.3  26.8
14  38  28  548.9  475.5  290.1  26.8
14  38  30  548.6  475.2  289.9  26.8
14  38  32  548.4  474.9  289.7  26.8
14  38  34  548.2  474.6  289.5  26.8
14  38  36  547.9  474.3  289.3  26.8
14  38  38  547.7  473.9  289.1  26.8
14  38  40  547.4  473.6  288.9  26.8
14  38  42  547.2  473.3  288.7  26.8
14  38  44  547  473  288.6  26.8
14  38  46  546.9  472.6  288.3  26.8
14  38  48  547.1  472.3  288.1  26.8
14  38  50  546  472  287.9  26.8
14  38  52  546.8  471.8  287.7  26.8
14  38  54  546.5  471.5  287.5  26.8
14  38  56  545.7  471.2  287.3  26.8
14  38  58  545.7  470.9  287.1  26.8
14  39  00  545  470.5  286.9  26.8
14  39  02  545  470.2  286.7  26.8
14  39  04  544.4  469.9  286.5  26.8
14  39  06  544.4  469.6  286.3  26.8
14  39  08  544.2  469.3  286.1  26.8
14  39  10  544  468.9  286  26.8
14  39  12  543.7  468.6  285.7  26.8
14  39  14  543.4  468.3  285.5  26.8
14  39  16  543.1  468  285.3  26.8
14  39  18  542.9  467.6  285.1  26.8
14  39  20  542.7  467.5  284.9  26.8
14  39  22  542.4  467.1  284.7  26.8
14  39  24  542.1  466.8  284.6  26.8
14  39  26  541.9  466.5  284.4  26.8
14  39  28  541.7  466.2  284.2  26.8
14  39  30  541.4  465.8  284  26.8
14  39  32  541.1  465.5  283.8  26.8
14  39  34  540.8  465.2  283.6  26.8
14  39  36  540.5  464.9  283.5  26.8
14  39  38  540.2  464.5  283.3  26.8
14  39  40  539.9  464.2  283.1  26.8
14  39  42  539.7  463.9  282.9  26.8
14  39  44  539.4  463.6  282.7  26.8
14  39  46  539.2  463.4  282.6  26.8
14  39  48  538.9  463.1  282.4  26.8
14  39  50  538.7  462.8  282.1  26.8
14  39  52  538.4  462.5  281.9  26.8
14  39  54  538.2  462.2  281.7  26.8
14  39  56  538  461.8  281.5  26.8
14  39  58  537.8  461.5  281.4  26.8
14  40  00  537.2  461.2  281.2  26.8
14  40  02  537.2  460.9  281  26.8
14  40  04  536.6  460.6  280.8  26.8
14  40  06  536.6  460.3  280.6  26.8
14  40  08  536.5  460  280.4  26.8
14  40  10  536.3  459.6  280.2  26.8
14  40  12  536  459.3  280  26.8
14  40  14  535.6  459  279.9  26.8
14  40  16  535.4  458.7  279.7  26.8
14  40  18  535.1  458.3  279.5  26.8
14  40  20  534.8  458  279.4  26.8
14  40  22  534.7  457.8  279.2  26.8
14  40  24  534.4  457.5  279  26.8
14  40  26  534.2  457.2  278.8  26.8
14  40  28  533.9  456.9  278.6  26.8
14  40  30  533.6  456.6  278.4  26.8
14  40  32  533.4  456.3  278.2  26.8
14  40  34  533.1  456  278  26.8
14  40  36  532.8  455.7  277.8  26.8
14  40  38  532.5  455.3  277.6  26.8
14  40  40  532.3  455  277.5  26.8
14  40  42  532  454.7  277.3  26.8
14  40  44  531.7  454.4  277.1  26.8
14  40  46  531.5  454.1  276.9  26.8
14  40  48  531.2  453.8  276.7  26.8
14  40  50  530.9  453.6  276.5  26.8
14  40  52  530.6  453.3  276.3  26.8
14  40  54  530.4  453  276.1  26.8
14  40  56  530.1  452.6  275.9  26.8
14  40  58  530  452.3  275.7  26.8
14  41  00  529.7  452  275.5  26.8
14  41  02  529.4  451.7  275.4  26.8
14  41  04  529.1  451.4  275.2  26.8
14  41  06  528.9  451.1  275  26.8
14  41  08  528.6  450.8  274.9  26.8
14  41  10  528.3  450.5  274.7  26.8
14  41  12  528.1  450.2  274.5  26.8
14  41  14  527.8  449.9  274.4  26.8
14  41  16  527.5  449.7  274.3  26.8
14  41  18  527.2  449.4  274.1  26.9
14  41  20  527  449  273.9  26.9
14  41  22  526.7  448.7  273.7  26.9
14  41  24  526.4  448.4  273.6  26.9
14  41  26  526.3  448.1  273.4  26.9
14  41  28  526  447.8  273.2  26.8
14  41  30  525.7  447.5  273.1  26.8
14  41  32  525.4  447.2  272.9  26.8
14  41  34  525.1  446.9  272.7  26.8
14  41  36  524.9  446.6  272.5  26.8
14  41  38  524.6  446.3  272.3  26.8
14  41  40  524.3  446  272.1  26.8
14  41  42  524  445.7  271.9  26.8
14  41  44  523.8  445.4  271.8  26.8
14  41  46  523.5  445.1  271.6  26.9
14  41  48  523.2  444.8  271.4  26.9
14  41  50  522.9  444.5  271.2  26.9
14  41  52  522.8  444.3  271  26.9
14  41  54  522.5  444  270.8  26.9
14  41  56  522.2  443.7  270.6  26.9
14  41  58  521.9  443.4  270.4  26.9
14  42  00  521.7  443.1  270.3  26.9
14  42  02  521.4  442.8  270.1  26.9
14  42  04  521.1  442.5  269.9  26.9
14  42  06  520.8  442.2  269.7  26.9
14  42  08  520.5  441.9  269.5  26.9
14  42  10  520.3  441.6  269.4  26.9
14  42  12  520  441.3  269.2  26.9
14  42  14  519.7  441  269.1  26.9
14  42  16  519.4  440.7  268.9  26.9
14  42  18  519.1  440.4  268.7  26.9
14  42  20  518.8  440.2  268.6  26.9
14  42  22  518.6  439.9  268.4  26.9
14  42  24  518.3  439.6  268.2  26.9
14  42  26  518  439.3  268  26.9
14  42  28  517.8  439  267.9  26.9
14  42  30  517.6  438.7  267.8  26.9
14  42  32  517.3  438.4  267.6  26.9
14  42  34  517  438.1  267.5  26.9
14  42  36  516.7  437.8  267.3  26.9
14  42  38  516.4  437.5  267.2  26.9
14  42  40  516.2  437.2  267  26.9
14  42  42  515.9  436.9  266.9  26.9
14  42  44  515.6  436.6  266.8  26.9
14  42  46  515.3  436.4  266.7  26.9
14  42  48  515  436.1  266.5  26.9
14  42  50  514.7  435.8  266.4  26.9
14  42  52  514.5  435.5  266.2  26.9
14  42  54  514.2  435.2  266.1  26.9
14  42  56  514  434.9  265.9  26.9
14  42  58  513.7  434.6  265.8  26.9
14  43  00  513.4  434.3  265.6  26.9
14  43  02  513.2  434  265.5  26.9
14  43  04  512.9  433.7  265.3  26.9
14  43  06  512.6  433.4  265.2  26.9
14  43  08  512.3  433.1  265  26.9
14  43  10  512  432.8  264.8  26.9
14  43  12  511.7  432.5  264.8  26.9
14  43  14  511.4  432.2  264.6  26.9
14  43  16  511.1  431.9  264.5  26.9
14  43  18  510.8  431.6  264.3  26.9
14  43  20  510.6  431.3  264.1  26.9
14  43  22  510.4  431.2  264  26.9
14  43  24  510.1  430.9  263.8  26.9
14  43  26  509.8  430.6  263.6  26.9
14  43  28  509.5  430.3  263.5  26.9
14  43  30  509.2  430  263.3  26.9
14  43  32  509  429.7  263.1  26.9
14  43  34  508.7  429.4  263  26.9
14  43  36  508.4  429.1  262.8  26.9
14  43  38  508.1  428.8  262.6  26.9
14  43  40  507.8  428.5  262.5  26.9
14  43  42  507.5  428.2  262.4  26.9
14  43  44  507.3  427.9  262.2  26.9
14  43  46  507  427.6  262  26.9
14  43  48  506.7  427.5  261.9  26.9
14  43  50  506.4  427.2  261.7  26.9
14  43  52  506.1  426.9  261.5  26.9
14  43  54  505.8  426.6  261.4  26.9
14  43  56  505.5  426.3  261.2  26.9
14  43  58  505.4  426  261  26.9
14  44  00  505.1  425.7  260.9  26.9
14  44  02  504.8  425.4  260.7  26.9
14  44  04  504.5  425.1  260.5  26.9
14  44  06  504.2  424.8  260.4  26.9
14  44  08  503.9  424.5  260.2  26.9
14  44  10  503.6  424.2  260  26.9
14  44  12  503.3  423.9  259.8  26.9
14  44  14  503  423.6  259.6  26.9
14  44  16  502.7  423.5  259.5  26.9
14  44  18  502.5  423.2  259.4  26.9
14  44  20  502.2  422.9  259.2  26.9
14  44  22  501.9  422.6  259  26.9
14  44  24  501.6  422.3  258.9  26.9
14  44  26  501.4  422  258.7  26.9
14  44  28  501.2  421.7  258.5  26.9
14  44  30  500.9  421.4  258.4  26.9
14  44  32  500.6  421.1  258.2  26.9
14  44  34  500.3  420.8  258  26.9
14  44  36  500  420.5  257.8  26.9
14  44  38  499.7  420.3  257.7  26.9
14  44  40  499.4  420  257.5  26.9
14  44  42  499.1  419.7  257.4  26.9
14  44  44  498.8  419.4  257.3  26.9
14  44  46  498.5  419.1  257.1  26.9
14  44  48  498.2  418.8  256.9  26.9
14  44  50  497.9  418.5  256.8  26.9
14  44  52  497.8  418.3  256.6  26.9
14  44  54  497.5  418.1  256.4  26.9
14  44  56  497.2  417.8  256.2  26.9
14  44  58  496.9  417.5  256.1  26.9
14  45  00  496.6  417.2  255.9  26.9
14  45  02  496.3  416.9  255.7  26.9
14  45  04  496  416.6  255.6  26.9
14  45  06  495.7  416.3  255.4  26.9
14  45  08  495.4  416  255.3  26.9
14  45  10  495.1  415.8  255.2  26.9
14  45  12  494.8  415.5  255  26.9
14  45  14  494.5  415.2  254.9  26.9
14  45  16  494.2  414.9  254.7  26.9
14  45  18  493.9  414.7  254.6  26.9
14  45  20  493.6  414.5  254.4  26.9
14  45  22  493.3  414.2  254.2  26.9
14  45  24  493  413.9  254.1  26.9
14  45  26  492.7  413.6  254  26.9
14  45  28  492.6  413.3  253.8  26.9
14  45  30  492.3  413  253.7  26.9
14  45  32  492  412.7  253.5  26.9
14  45  34  491.7  412.4  253.3  26.9
14  45  36  491.4  412.2  253.2  26.9
14  45  38  491.1  411.9  253  26.9
14  45  40  490.8  411.6  252.9  26.9
14  45  42  490.5  411.3  252.7  26.9
14  45  44  490.2  411  252.6  26.9
14  45  46  489.9  410.9  252.5  27
14  45  48  489.6  410.6  252.3  27
14  45  50  489.3  410.3  252.2  27
14  45  52  489  410  252  26.9
14  45  54  488.8  409.8  251.9  26.9
14  45  56  488.6  409.5  251.7  26.9
14  45  58  488.3  409.2  251.6  26.9
14  46  00  488  408.9  251.4  26.9
14  46  02  487.7  408.6  251.2  27
14  46  04  487.4  408.4  251.1  27
14  46  06  487.1  408.1  250.9  27
14  46  08  486.8  407.8  250.7  26.9
14  46  10  486.6  407.5  250.6  26.9
14  46  12  486.3  407.3  250.5  26.9
14  46  14  486  407  250.3  26.9
14  46  16  485.7  406.7  250.2  26.9
14  46  18  485.4  406.4  250  26.9
14  46  20  485.1  406.1  249.9  27
14  46  22  484.9  406  249.7  27
14  46  24  484.6  405.7  249.6  27
14  46  26  484.3  405.5  249.4  27
14  46  28  484  405.2  249.2  27
14  46  30  483.7  404.9  249.1  26.9
14  46  32  483.5  404.6  248.9  26.9
14  46  34  483.2  404.3  248.8  26.9
14  46  36  482.9  404.1  248.6  27
14  46  38  482.6  403.8  248.4  27
14  46  40  482.3  403.5  248.3  27
14  46  42  482  403.2  248.2  27
14  46  44  481.7  403  248  27
14  46  46  481.4  402.7  247.8  27
14  46  48  481.1  402.5  247.7  27
14  46  50  480.8  402.3  247.6  27
14  46  52  480.5  402  247.4  27
14  46  54  480.2  401.7  247.3  27
14  46  56  480  401.5  247.1  27
14  46  58  479.8  401.2  247  27
14  47  00  479.5  400.9  246.9  27
14  47  02  479.2  400.6  246.7  27
14  47  04  478.9  400.4  246.6  27
14  47  06  478.6  400.1  246.4  27
14  47  08  478.3  399.8  246.3  27
14  47  10  478.1  399.5  246.2  27
14  47  12  477.8  399.3  246  27
14  47  14  477.5  399  245.9  27
14  47  16  477.2  398.9  245.8  27
14  47  18  476.9  398.6  245.6  27
14  47  20  476.6  398.3  245.5  27
14  47  22  476.3  398  245.4  27
14  47  24  476  397.7  245.3  27
14  47  26  475.8  397.5  245.1  27
14  47  28  475.5  397.2  245  27
14  47  30  475.3  396.9  244.9  27
14  47  32  475  396.7  244.7  27
14  47  34  474.7  396.4  244.6  27
14  47  36  474.4  396.1  244.4  27
14  47  38  474.1  395.9  244.2  27
14  47  40  473.8  395.6  244.1  27
14  47  42  473.5  395.3  244  27
14  47  44  473.2  395  243.9  27
14  47  46  472.9  394.8  243.7  27
14  47  48  472.6  394.5  243.6  27
14  47  50  472.3  394.3  243.4  27
14  47  52  472.2  394.1  243.3  27
14  47  54  471.9  393.8  243.1  27
14  47  56  471.6  393.6  243  27
14  47  58  471.3  393.3  242.9  27
14  48  00  471  393  242.7  27
14  48  02  470.7  392.8  242.6  27
14  48  04  470.4  392.5  242.4  27
14  48  06  470.1  392.2  242.3  27
14  48  08  469.9  392  242.1  27
14  48  10  469.6  391.7  242.1  27
14  48  12  469.3  391.4  241.9  27
14  48  14  469  391.2  241.8  27
14  48  16  468.7  390.9  241.6  27
14  48  18  468.4  390.8  241.5  27
14  48  20  468.1  390.5  241.3  27
14  48  22  467.8  390.2  241.2  27
14  48  24  467.5  389.9  241  27
14  48  26  467.2  389.7  240.9  27
14  48  28  467.1  389.4  240.7  27
14  48  30  466.8  389.2  240.6  27
14  48  32  466.5  388.9  240.4  27
14  48  34  466.2  388.6  240.3  27
14  48  36  465.9  388.4  240.1  27
14  48  38  465.6  388.1  240  27
14  48  40  465.3  387.8  239.9  27
14  48  42  465  387.6  239.7  27
14  48  44  464.7  387.3  239.6  27
14  48  46  464.4  387.2  239.5  27
14  48  48  464.1  386.9  239.4  27
14  48  50  463.9  386.7  239.3  27
14  48  52  463.6  386.4  239.2  27
14  48  54  463.4  386.1  239  27
14  48  56  463.1  385.9  238.9  27
14  48  58  462.8  385.6  238.7  27
14  49  00  462.5  385.4  238.6  27
14  49  02  462.2  385.1  238.4  27
14  49  04  461.9  384.8  238.3  27
14  49  06  461.7  384.6  238.2  27
14  49  08  461.4  384.3  238.1  27
14  49  10  461.1  384.1  238  27
14  49  12  460.8  383.8  237.9  27
14  49  14  460.5  383.5  237.8  27
14  49  16  460.2  383.2  237.7  27
14  49  18  459.9  383.1  237.5  27
14  49  20  459.6  382.9  237.4  27
14  49  22  459.3  382.6  237.2  27
14  49  24  459  382.4  237.1  27
14  49  26  458.7  382.1  236.9  27
14  49  28  458.6  381.8  236.8  27
14  49  30  458.3  381.6  236.6  27
14  49  32  458  381.3  236.5  27
14  49  34  457.7  381.1  236.3  27
14  49  36  457.4  380.8  236.2  27
14  49  38  457.1  380.6  236  27
14  49  40  456.8  380.3  235.9  27
14  49  42  456.6  380  235.7  27
14  49  44  456.3  379.8  235.6  27
14  49  46  456  379.6  235.5  27
14  49  48  455.7  379.4  235.4  27
14  49  50  455.4  379.1  235.3  27
14  49  52  455.1  378.9  235.1  27
14  49  54  454.8  378.6  235  27
14  49  56  454.7  378.4  234.9  27
14  49  58  454.4  378.1  234.7  27
14  50  00  454.1  377.9  234.6  27
14  50  02  453.8  377.6  234.4  27
14  50  04  453.5  377.3  234.3  27
14  50  06  453.3  377.1  234.2  27
14  50  08  453  376.8  234  27
14  50  10  452.7  376.6  233.9  27
14  50  12  452.4  376.3  233.8  27
14  50  14  452  376.1  233.7  27
14  50  16  451.8  375.8  233.5  27
14  50  18  451.5  375.6  233.4  27
14  50  20  451.2  375.3  233.2  27
14  50  22  451.1  375.2  233.1  27
14  50  24  450.8  374.9  233  27
14  50  26  450.5  374.6  232.9  27
14  50  28  450.2  374.4  232.7  27
14  50  30  449.9  374.1  232.6  27
14  50  32  449.6  373.9  232.4  26.9
14  50  34  448.9  373.6  232.2  27
14  50  36  448.9  373.4  232.1  27
14  50  38  448.8  373.1  231.9  27
14  50  40  448.6  372.9  231.8  27
14  50  42  448.3  372.6  231.8  27
14  50  44  447.9  372.4  231.6  27
14  50  46  447.6  372.1  231.5  27
14  50  48  447.3  372  231.3  27
14  50  50  447.1  371.8  231.2  27
14  50  52  446.8  371.5  231  27
14  50  54  446.5  371.2  230.9  27
14  50  56  446.2  371  230.8  27
14  50  58  446.1  370.7  230.6  27
14  51  00  445.8  370.5  230.5  27
14  51  02  445.5  370.2  230.4  26.9
14  51  04  445.2  370  230.2  26.8
14  51  06  444.9  369.7  230.1  26.8
14  51  08  444.6  369.5  229.9  26.8
14  51  10  444.3  369.2  229.8  26.8
14  51  12  444.1  369  229.7  26.8
14  51  14  443.8  368.7  229.5  26.8
14  51  16  443.5  368.6  229.5  26.8
14  51  18  443.2  368.3  229.3  26.8
14  51  20  441.7  368.1  229.2  26.8
14  51  22  441.7  367.8  229.1  26.8
14  51  24  441.7  367.6  228.9  26.8
14  51  26  441.6  367.3  228.8  26.8
14  51  28  441.6  367.1  228.6  26.8
14  51  30  441.4  366.8  228.5  26.8
14  51  32  441.3  366.6  228.4  26.8
14  51  34  441  366.4  228.2  26.8
14  51  36  440.7  366.1  228.1  26.8
14  51  38  440.5  365.9  228  26.8
14  51  40  440.1  365.6  227.8  26.7
14  51  42  439.9  365.4  227.7  26.8
14  51  44  439.6  365.2  227.7  26.8
14  51  46  439.4  365  227.5  26.9
14  51  48  439.1  364.7  227.4  27
14  51  50  438.8  364.5  227.3  27
14  51  52  438.7  364.2  227.2  27
14  51  54  438.4  364  227.1  27
14  51  56  438.1  363.8  227  27
14  51  58  437.8  363.5  226.9  27
14  52  00  437.6  363.3  226.7  27
14  52  02  437.3  363  226.6  27
14  52  04  437  362.8  226.5  27
14  52  06  436.7  362.5  226.3  27
14  52  08  436.4  362.3  226.3  27
14  52  10  436.2  362  226.1  27
14  52  12  435.9  361.8  226  27
14  52  14  435.6  361.6  225.9  27
14  52  16  435.3  361.3  225.8  27
14  52  18  435  361.2  225.7  27
14  52  20  434.7  361  225.6  27
14  52  22  434.4  360.7  225.4  27
14  52  24  434.2  360.5  225.3  27
14  52  26  434  360.2  225.2  27
14  52  28  433.7  360  225.1  27
14  52  30  433.5  359.7  225  27
14  52  32  433.2  359.5  224.9  27
14  52  34  432.9  359.3  224.7  27
14  52  36  432.6  359  224.6  27
14  52  38  432.3  358.8  224.5  27
14  52  40  432.1  358.5  224.4  27
14  52  42  431.8  358.3  224.2  27
14  52  44  431.5  358.2  224.2  27
14  52  46  431.2  357.9  224.1  27
14  52  48  430.9  357.7  223.9  27
14  52  50  430.7  357.5  223.8  27
14  52  52  430.4  357.2  223.7  27
14  52  54  430.3  357  223.5  27
14  52  56  430  356.8  223.4  27
14  52  58  429.7  356.5  223.3  27
14  53  00  429.4  356.3  223.1  27
14  53  02  429.1  356  223  27
14  53  04  428.9  355.8  222.9  27
14  53  06  428.6  355.5  222.7  26.9
14  53  08  428.3  355.3  222.6  26.9
14  53  10  428  355.1  222.5  26.9
14  53  12  427.7  354.8  222.4  26.9
14  53  14  427.5  354.6  222.3  27
14  53  16  427.2  354.4  222.2  27
14  53  18  426.9  354.1  222.1  27
14  53  20  426.8  354  222  27
14  53  22  426.5  353.8  221.8  27
14  53  24  426.2  353.5  221.7  26.9
14  53  26  425.9  353.3  221.6  26.9
14  53  28  425.7  353.1  221.4  26.9
14  53  30  425.4  352.8  221.3  26.9
14  53  32  425.1  352.6  221.1  26.9
14  53  34  424.8  352.4  221  26.9
14  53  36  424.6  352.1  220.9  27
14  53  38  424.3  351.9  220.8  26.9
14  53  40  424  351.7  220.7  26.9
14  53  42  423.7  351.4  220.5  26.9
14  53  44  423.4  351.2  220.4  26.9
14  53  46  423.2  351  220.2  26.9
14  53  48  422.9  350.9  220.1  26.9
14  53  50  422.6  350.6  219.9  26.9
14  53  52  422.3  350.4  219.8  26.9
14  53  54  422.1  350.1  219.6  26.9
14  53  56  421.9  349.9  219.5  26.9
14  53  58  421.7  349.7  219.4  26.9
14  54  00  421.4  349.5  219.3  26.9
14  54  02  421.1  349.2  219.1  26.9
14  54  04  420.8  349  219  26.9
14  54  06  420.6  348.8  218.9  26.9
14  54  08  420.3  348.5  218.8  26.9
14  54  10  420  348.3  218.6  26.9
14  54  12  419.8  348.1  218.5  26.9
14  54  14  419.5  348  218.4  26.9
14  54  16  419.3  347.8  218.3  26.9
14  54  18  419  347.6  218.2  26.9
14  54  20  418.8  347.4  218.2  27
14  54  22  418.5  347.1  218.1  27
14  54  24  418.3  346.9  217.9  27
14  54  26  418.1  346.7  217.8  27
14  54  28  417.8  346.4  217.7  27
14  54  30  417.5  346.2  217.6  27
14  54  32  417.2  346  217.5  27
14  54  34  417  345.7  217.4  27
14  54  36  416.7  345.5  217.3  27
14  54  38  416.4  345.3  217.1  27
14  54  40  416.2  345  217  27
14  54  42  415.9  344.8  217  27
14  54  44  415.6  344.6  216.9  27
14  54  46  415.3  344.4  216.7  27
14  54  48  415  344.2  216.6  27
14  54  50  414.9  344  216.5  27
14  54  52  414.6  343.8  216.4  27
14  54  54  414.4  343.6  216.3  27
14  54  56  414.1  343.3  216.1  27
14  54  58  413.9  343.1  216  27
14  55  00  413.6  342.9  215.9  27
14  55  02  413.3  342.7  215.8  27
14  55  04  413  342.5  215.7  27
14  55  06  412.8  342.2  215.6  27
14  55  08  412.5  342  215.5  27
14  55  10  412.2  341.8  215.4  27
14  55  12  411.9  341.5  215.3  27
14  55  14  411.7  341.3  215.1  27
14  55  16  411.4  341.1  215  27
14  55  18  411.1  341  214.9  27
14  55  20  410.9  340.8  214.8  27
14  55  22  410.6  340.5  214.6  27
14  55  24  410.3  340.3  214.5  27
14  55  26  410.2  340.1  214.4  27
14  55  28  409.9  339.9  214.2  27
14  55  30  409.7  339.6  214.1  27
14  55  32  409.4  339.4  214  27
14  55  34  409.1  339.2  213.9  27
14  55  36  408.9  339  213.7  27
14  55  38  408.6  338.7  213.6  27
14  55  40  408.3  338.5  213.5  27
14  55  42  408.1  338.3  213.3  27
14  55  44  407.8  338.2  213.3  27
14  55  46  407.5  337.9  213.2  27
14  55  48  407.3  337.7  213  27
14  55  50  407  337.5  212.9  27
14  55  52  406.7  337.3  212.8  27
14  55  54  406.6  337.1  212.7  27
14  55  56  406.3  336.8  212.6  27
14  55  58  406.1  336.6  212.4  27
14  56  00  405.8  336.4  212.3  27
14  56  02  405.5  336.2  212.2  27
14  56  04  405.3  336  212.1  27
14  56  06  405  335.7  212  27
14  56  08  404.7  335.5  211.9  27
14  56  10  404.5  335.3  211.8  27
14  56  12  404.2  335.1  211.7  27
14  56  14  404  334.9  211.6  27
14  56  16  403.7  334.6  211.5  27
14  56  18  403.4  334.4  211.4  27
14  56  20  403.3  334.3  211.3  27
14  56  22  403  334.1  211.2  27
14  56  24  402.8  333.8  211.1  27
14  56  26  402.5  333.6  211  27
14  56  28  402.2  333.4  210.9  27
14  56  30  402  333.2  210.8  27
14  56  32  401.7  333  210.7  27
14  56  34  401.5  332.8  210.6  27
14  56  36  401.2  332.5  210.5  27
14  56  38  400.9  332.3  210.4  27
14  56  40  400.7  332.1  210.3  27
14  56  42  400.4  331.9  210.2  27
14  56  44  400.2  331.7  210.1  27
14  56  46  399.9  331.5  209.9  27
14  56  48  399.6  331.3  209.8  27
14  56  50  399.4  331.1  209.7  27
14  56  52  399.1  330.9  209.6  27
14  56  54  398.9  330.7  209.5  27
14  56  56  398.7  330.5  209.4  27
14  56  58  398.5  330.3  209.3  26.9
14  57  00  398.2  330.1  209.2  26.9
14  57  02  397.9  329.9  209.1  26.9
14  57  04  397.7  329.6  209  27
14  57  06  397.4  329.4  208.9  27
14  57  08  397.1  329.2  208.8  26.9
14  57  10  396.9  329  208.7  26.9
14  57  12  396.6  328.8  208.6  26.9
14  57  14  396.4  328.7  208.5  26.9
14  57  16  396.1  328.5  208.4  27
14  57  18  395.8  328.3  208.3  27
14  57  20  395.6  328  208.2  27
14  57  22  395.3  327.8  208.1  27
14  57  24  395.2  327.6  208  27
14  57  26  395  327.5  207.9  27
14  57  28  394.7  327.3  207.9  27
14  57  30  394.5  327.1  207.8  27
14  57  32  394.3  326.9  207.7  27
14  57  34  394  326.7  207.6  27
14  57  36  393.8  326.5  207.5  27
14  57  38  393.5  326.3  207.4  27.1
14  57  40  393.2  326.1  207.3  27.1
14  57  42  393  325.9  207.2  27.1
14  57  44  392.7  325.7  207.1  27
14  57  46  392.5  325.4  207  27
14  57  48  392.2  325.2  206.9  27
14  57  50  392.1  325.1  206.8  27.1
14  57  52  391.8  324.9  206.7  27.1
14  57  54  391.6  324.7  206.6  27
14  57  56  391.3  324.5  206.5  27
14  57  58  391.1  324.3  206.4  27
14  58  00  390.8  324.1  206.3  27
14  58  02  390.6  323.9  206.2  27
14  58  04  390.3  323.7  206.1  27
14  58  06  390.1  323.5  206  27.1
14  58  08  389.8  323.3  205.9  27.1
14  58  10  389.6  323  205.8  27.1
14  58  12  389.3  322.8  205.7  27.1
14  58  14  389  322.6  205.6  27
14  58  16  388.8  322.4  205.5  27
14  58  18  388.5  322.3  205.4  27
14  58  20  388.3  322.1  205.3  27
14  58  22  388  321.9  205.2  27.1
14  58  24  387.8  321.7  205.1  27.1
14  58  26  387.6  321.5  205  27.1
14  58  28  387.4  321.3  204.9  27.1
14  58  30  387.1  321.1  204.7  27
14  58  32  386.9  320.9  204.6  27
14  58  34  386.6  320.7  204.5  27
14  58  36  386.4  320.5  204.4  27
14  58  38  386.1  320.3  204.3  27
14  58  40  385.9  320.1  204.2  27
14  58  42  385.6  319.9  204.1  27
14  58  44  385.4  319.8  204  27
14  58  46  385.1  319.6  203.9  27
14  58  48  384.9  319.4  203.8  27
14  58  50  384.6  319.1  203.6  27.1
14  58  52  384.4  318.9  203.5  27.1
14  58  54  384.3  318.7  203.4  27.1
14  58  56  384  318.6  203.3  27.1
14  58  58  383.7  318.4  203.2  27.1
14  59  00  383.5  318.1  203.1  27.1
14  59  02  383.2  317.9  203  27.1
14  59  04  383  317.7  202.9  27.1
14  59  06  382.7  317.5  202.8  27
14  59  08  382.5  317.3  202.7  27
14  59  10  382.2  317.1  202.6  27
14  59  12  382  316.9  202.5  27.1
14  59  14  381.8  316.7  202.4  27
14  59  16  381.5  316.5  202.3  27
14  59  19  381.3  316.3  202.1  27
