 1.80000000e+01 3.00000000e+00 5.50000000e+01 3.83800000e+02 3.74000000e+02 3.15600000e+02 2.86000000e+01
 1.80000000e+01 3.00000000e+00 5.70000000e+01 3.83900000e+02 3.74000000e+02 3.15300000e+02 2.85000000e+01
 1.80000000e+01 3.00000000e+00 5.90000000e+01 3.84000000e+02 3.74100000e+02 3.15000000e+02 2.85000000e+01
 1.80000000e+01 4.00000000e+00 1.00000000e+00 3.84000000e+02 3.74200000e+02 3.14700000e+02 2.84000000e+01
 1.80000000e+01 4.00000000e+00 3.00000000e+00 3.84100000e+02 3.74200000e+02 3.14600000e+02 2.84000000e+01
 1.80000000e+01 4.00000000e+00 5.00000000e+00 3.84200000e+02 3.74300000e+02 3.14300000e+02 2.84000000e+01
 1.80000000e+01 4.00000000e+00 7.00000000e+00 3.84300000e+02 3.74300000e+02 3.14000000e+02 2.83000000e+01
 1.80000000e+01 4.00000000e+00 9.00000000e+00 3.84300000e+02 3.74300000e+02 3.13700000e+02 2.83000000e+01
 1.80000000e+01 4.00000000e+00 1.10000000e+01 3.84400000e+02 3.74400000e+02 3.13400000e+02 2.82000000e+01
 1.80000000e+01 4.00000000e+00 1.30000000e+01 3.84400000e+02 3.74400000e+02 3.13100000e+02 2.82000000e+01
 1.80000000e+01 4.00000000e+00 1.50000000e+01 3.84500000e+02 3.74400000e+02 3.12800000e+02 2.82000000e+01
 1.80000000e+01 4.00000000e+00 1.70000000e+01 3.84500000e+02 3.74400000e+02 3.12500000e+02 2.81000000e+01
 1.80000000e+01 4.00000000e+00 1.90000000e+01 3.84600000e+02 3.74400000e+02 3.12200000e+02 2.81000000e+01
 1.80000000e+01 4.00000000e+00 2.10000000e+01 3.84600000e+02 3.74400000e+02 3.11900000e+02 2.80000000e+01
 1.80000000e+01 4.00000000e+00 2.30000000e+01 3.84700000e+02 3.74300000e+02 3.11600000e+02 2.80000000e+01
 1.80000000e+01 4.00000000e+00 2.50000000e+01 3.84700000e+02 3.74300000e+02 3.11300000e+02 2.79000000e+01
 1.80000000e+01 4.00000000e+00 2.70000000e+01 3.84800000e+02 3.74300000e+02 3.11000000e+02 2.79000000e+01
 1.80000000e+01 4.00000000e+00 2.90000000e+01 3.84800000e+02 3.74300000e+02 3.10700000e+02 2.78000000e+01
 1.80000000e+01 4.00000000e+00 3.10000000e+01 3.84900000e+02 3.74200000e+02 3.10500000e+02 2.78000000e+01
 1.80000000e+01 4.00000000e+00 3.30000000e+01 3.84900000e+02 3.74200000e+02 3.10300000e+02 2.78000000e+01
 1.80000000e+01 4.00000000e+00 3.50000000e+01 3.85000000e+02 3.74200000e+02 3.10000000e+02 2.77000000e+01
 1.80000000e+01 4.00000000e+00 3.70000000e+01 3.85000000e+02 3.74200000e+02 3.09700000e+02 2.77000000e+01
 1.80000000e+01 4.00000000e+00 3.90000000e+01 3.85100000e+02 3.74200000e+02 3.09400000e+02 2.77000000e+01
 1.80000000e+01 4.00000000e+00 4.10000000e+01 3.85100000e+02 3.74100000e+02 3.09100000e+02 2.77000000e+01
 1.80000000e+01 4.00000000e+00 4.30000000e+01 3.85200000e+02 3.74100000e+02 3.08800000e+02 2.77000000e+01
 1.80000000e+01 4.00000000e+00 4.50000000e+01 3.85200000e+02 3.74000000e+02 3.08500000e+02 2.77000000e+01
 1.80000000e+01 4.00000000e+00 4.70000000e+01 3.85200000e+02 3.74000000e+02 3.08200000e+02 2.76000000e+01
 1.80000000e+01 4.00000000e+00 4.90000000e+01 3.85300000e+02 3.73900000e+02 3.07900000e+02 2.76000000e+01
 1.80000000e+01 4.00000000e+00 5.10000000e+01 3.85300000e+02 3.73900000e+02 3.07600000e+02 2.76000000e+01
 1.80000000e+01 4.00000000e+00 5.30000000e+01 3.85300000e+02 3.73800000e+02 3.07300000e+02 2.75000000e+01
 1.80000000e+01 4.00000000e+00 5.50000000e+01 3.85400000e+02 3.73800000e+02 3.07000000e+02 2.75000000e+01
 1.80000000e+01 4.00000000e+00 5.70000000e+01 3.85400000e+02 3.73700000e+02 3.06800000e+02 2.75000000e+01
 1.80000000e+01 4.00000000e+00 5.90000000e+01 3.85400000e+02 3.73700000e+02 3.06600000e+02 2.75000000e+01
 1.80000000e+01 5.00000000e+00 1.00000000e+00 3.85500000e+02 3.73600000e+02 3.06300000e+02 2.75000000e+01
 1.80000000e+01 5.00000000e+00 3.00000000e+00 3.85500000e+02 3.73600000e+02 3.06000000e+02 2.75000000e+01
 1.80000000e+01 5.00000000e+00 5.00000000e+00 3.85500000e+02 3.73500000e+02 3.05700000e+02 2.74000000e+01
 1.80000000e+01 5.00000000e+00 7.00000000e+00 3.85600000e+02 3.73400000e+02 3.05400000e+02 2.74000000e+01
 1.80000000e+01 5.00000000e+00 9.00000000e+00 3.85600000e+02 3.73300000e+02 3.05100000e+02 2.74000000e+01
 1.80000000e+01 5.00000000e+00 1.10000000e+01 3.85600000e+02 3.73300000e+02 3.04800000e+02 2.74000000e+01
 1.80000000e+01 5.00000000e+00 1.30000000e+01 3.85700000e+02 3.73200000e+02 3.04500000e+02 2.73000000e+01
 1.80000000e+01 5.00000000e+00 1.50000000e+01 3.85700000e+02 3.73200000e+02 3.04200000e+02 2.73000000e+01
 1.80000000e+01 5.00000000e+00 1.70000000e+01 3.85700000e+02 3.73100000e+02 3.03900000e+02 2.73000000e+01
 1.80000000e+01 5.00000000e+00 1.90000000e+01 3.85700000e+02 3.73000000e+02 3.03600000e+02 2.73000000e+01
 1.80000000e+01 5.00000000e+00 2.10000000e+01 3.85700000e+02 3.72900000e+02 3.03300000e+02 2.72000000e+01
 1.80000000e+01 5.00000000e+00 2.30000000e+01 3.85800000e+02 3.72800000e+02 3.03000000e+02 2.72000000e+01
 1.80000000e+01 5.00000000e+00 2.50000000e+01 3.85800000e+02 3.72700000e+02 3.02700000e+02 2.72000000e+01
 1.80000000e+01 5.00000000e+00 2.70000000e+01 3.85800000e+02 3.72600000e+02 3.02400000e+02 2.72000000e+01
 1.80000000e+01 5.00000000e+00 2.90000000e+01 3.85800000e+02 3.72500000e+02 3.02200000e+02 2.71000000e+01
 1.80000000e+01 5.00000000e+00 3.10000000e+01 3.85800000e+02 3.72400000e+02 3.01900000e+02 2.71000000e+01
 1.80000000e+01 5.00000000e+00 3.30000000e+01 3.85900000e+02 3.72400000e+02 3.01700000e+02 2.71000000e+01
 1.80000000e+01 5.00000000e+00 3.50000000e+01 3.85900000e+02 3.72300000e+02 3.01500000e+02 2.71000000e+01
 1.80000000e+01 5.00000000e+00 3.70000000e+01 3.85900000e+02 3.72300000e+02 3.01200000e+02 2.71000000e+01
 1.80000000e+01 5.00000000e+00 3.90000000e+01 3.86000000e+02 3.72200000e+02 3.00900000e+02 2.71000000e+01
 1.80000000e+01 5.00000000e+00 4.10000000e+01 3.86000000e+02 3.72100000e+02 3.00600000e+02 2.71000000e+01
 1.80000000e+01 5.00000000e+00 4.30000000e+01 3.86000000e+02 3.72000000e+02 3.00300000e+02 2.71000000e+01
 1.80000000e+01 5.00000000e+00 4.50000000e+01 3.86000000e+02 3.71900000e+02 3.00000000e+02 2.71000000e+01
 1.80000000e+01 5.00000000e+00 4.70000000e+01 3.86100000e+02 3.71800000e+02 2.99800000e+02 2.71000000e+01
 1.80000000e+01 5.00000000e+00 4.90000000e+01 3.86100000e+02 3.71600000e+02 2.99500000e+02 2.71000000e+01
 1.80000000e+01 5.00000000e+00 5.10000000e+01 3.86100000e+02 3.71600000e+02 2.99200000e+02 2.71000000e+01
 1.80000000e+01 5.00000000e+00 5.30000000e+01 3.86100000e+02 3.71500000e+02 2.98900000e+02 2.70000000e+01
 1.80000000e+01 5.00000000e+00 5.50000000e+01 3.86100000e+02 3.71400000e+02 2.98600000e+02 2.70000000e+01
 1.80000000e+01 5.00000000e+00 5.70000000e+01 3.86100000e+02 3.71300000e+02 2.98300000e+02 2.70000000e+01
 1.80000000e+01 5.00000000e+00 5.90000000e+01 3.86100000e+02 3.71200000e+02 2.98000000e+02 2.69000000e+01
 1.80000000e+01 6.00000000e+00 1.00000000e+00 3.86100000e+02 3.71000000e+02 2.97900000e+02 2.69000000e+01
 1.80000000e+01 6.00000000e+00 3.00000000e+00 3.86100000e+02 3.70900000e+02 2.97600000e+02 2.69000000e+01
 1.80000000e+01 6.00000000e+00 5.00000000e+00 3.86100000e+02 3.70800000e+02 2.97300000e+02 2.69000000e+01
 1.80000000e+01 6.00000000e+00 7.00000000e+00 3.86100000e+02 3.70700000e+02 2.97000000e+02 2.69000000e+01
 1.80000000e+01 6.00000000e+00 9.00000000e+00 3.86100000e+02 3.70600000e+02 2.96800000e+02 2.69000000e+01
 1.80000000e+01 6.00000000e+00 1.10000000e+01 3.86100000e+02 3.70500000e+02 2.96500000e+02 2.69000000e+01
 1.80000000e+01 6.00000000e+00 1.30000000e+01 3.86100000e+02 3.70400000e+02 2.96200000e+02 2.69000000e+01
 1.80000000e+01 6.00000000e+00 1.50000000e+01 3.86100000e+02 3.70300000e+02 2.96000000e+02 2.69000000e+01
 1.80000000e+01 6.00000000e+00 1.70000000e+01 3.86200000e+02 3.70200000e+02 2.95700000e+02 2.69000000e+01
 1.80000000e+01 6.00000000e+00 1.90000000e+01 3.86200000e+02 3.70100000e+02 2.95500000e+02 2.69000000e+01
 1.80000000e+01 6.00000000e+00 2.10000000e+01 3.86200000e+02 3.70000000e+02 2.95200000e+02 2.69000000e+01
 1.80000000e+01 6.00000000e+00 2.30000000e+01 3.86200000e+02 3.69900000e+02 2.94900000e+02 2.69000000e+01
 1.80000000e+01 6.00000000e+00 2.50000000e+01 3.86200000e+02 3.69800000e+02 2.94600000e+02 2.69000000e+01
 1.80000000e+01 6.00000000e+00 2.70000000e+01 3.86200000e+02 3.69600000e+02 2.94500000e+02 2.68000000e+01
 1.80000000e+01 6.00000000e+00 2.90000000e+01 3.86200000e+02 3.69500000e+02 2.94200000e+02 2.68000000e+01
 1.80000000e+01 6.00000000e+00 3.10000000e+01 3.86200000e+02 3.69400000e+02 2.94000000e+02 2.68000000e+01
 1.80000000e+01 6.00000000e+00 3.30000000e+01 3.86200000e+02 3.69200000e+02 2.93700000e+02 2.68000000e+01
 1.80000000e+01 6.00000000e+00 3.50000000e+01 3.86200000e+02 3.69100000e+02 2.93400000e+02 2.68000000e+01
 1.80000000e+01 6.00000000e+00 3.70000000e+01 3.86200000e+02 3.69000000e+02 2.93100000e+02 2.68000000e+01
 1.80000000e+01 6.00000000e+00 3.90000000e+01 3.86200000e+02 3.68900000e+02 2.92900000e+02 2.69000000e+01
 1.80000000e+01 6.00000000e+00 4.10000000e+01 3.86200000e+02 3.68700000e+02 2.92600000e+02 2.70000000e+01
 1.80000000e+01 6.00000000e+00 4.30000000e+01 3.86200000e+02 3.68600000e+02 2.92300000e+02 2.71000000e+01
 1.80000000e+01 6.00000000e+00 4.50000000e+01 3.86200000e+02 3.68500000e+02 2.92100000e+02 2.72000000e+01
 1.80000000e+01 6.00000000e+00 4.70000000e+01 3.86200000e+02 3.68400000e+02 2.91800000e+02 2.73000000e+01
 1.80000000e+01 6.00000000e+00 4.90000000e+01 3.86200000e+02 3.68200000e+02 2.91500000e+02 2.73000000e+01
 1.80000000e+01 6.00000000e+00 5.10000000e+01 3.86200000e+02 3.68100000e+02 2.91200000e+02 2.74000000e+01
 1.80000000e+01 6.00000000e+00 5.30000000e+01 3.86200000e+02 3.68000000e+02 2.91000000e+02 2.75000000e+01
 1.80000000e+01 6.00000000e+00 5.50000000e+01 3.86100000e+02 3.67800000e+02 2.90700000e+02 2.75000000e+01
 1.80000000e+01 6.00000000e+00 5.70000000e+01 3.86100000e+02 3.67700000e+02 2.90400000e+02 2.75000000e+01
 1.80000000e+01 6.00000000e+00 5.90000000e+01 3.86100000e+02 3.67600000e+02 2.90200000e+02 2.76000000e+01
 1.80000000e+01 7.00000000e+00 1.00000000e+00 3.86100000e+02 3.67500000e+02 2.90000000e+02 2.77000000e+01
 1.80000000e+01 7.00000000e+00 3.00000000e+00 3.86200000e+02 3.67400000e+02 2.89900000e+02 2.77000000e+01
 1.80000000e+01 7.00000000e+00 5.00000000e+00 3.86200000e+02 3.67200000e+02 2.89600000e+02 2.77000000e+01
 1.80000000e+01 7.00000000e+00 7.00000000e+00 3.86200000e+02 3.67100000e+02 2.89300000e+02 2.77000000e+01
 1.80000000e+01 7.00000000e+00 9.00000000e+00 3.86200000e+02 3.66900000e+02 2.89000000e+02 2.77000000e+01
 1.80000000e+01 7.00000000e+00 1.10000000e+01 3.86100000e+02 3.66800000e+02 2.88800000e+02 2.78000000e+01
 1.80000000e+01 7.00000000e+00 1.30000000e+01 3.86100000e+02 3.66600000e+02 2.88500000e+02 2.78000000e+01
 1.80000000e+01 7.00000000e+00 1.50000000e+01 3.86100000e+02 3.66500000e+02 2.88300000e+02 2.78000000e+01
 1.80000000e+01 7.00000000e+00 1.70000000e+01 3.86100000e+02 3.66300000e+02 2.88000000e+02 2.78000000e+01
 1.80000000e+01 7.00000000e+00 1.90000000e+01 3.86000000e+02 3.66200000e+02 2.87800000e+02 2.78000000e+01
 1.80000000e+01 7.00000000e+00 2.10000000e+01 3.86000000e+02 3.66100000e+02 2.87500000e+02 2.78000000e+01
 1.80000000e+01 7.00000000e+00 2.30000000e+01 3.86000000e+02 3.66000000e+02 2.87300000e+02 2.78000000e+01
 1.80000000e+01 7.00000000e+00 2.50000000e+01 3.86000000e+02 3.65800000e+02 2.87000000e+02 2.78000000e+01
 1.80000000e+01 7.00000000e+00 2.70000000e+01 3.86000000e+02 3.65700000e+02 2.86800000e+02 2.79000000e+01
 1.80000000e+01 7.00000000e+00 2.90000000e+01 3.86000000e+02 3.65500000e+02 2.86500000e+02 2.79000000e+01
 1.80000000e+01 7.00000000e+00 3.10000000e+01 3.86000000e+02 3.65400000e+02 2.86400000e+02 2.79000000e+01
 1.80000000e+01 7.00000000e+00 3.30000000e+01 3.86000000e+02 3.65300000e+02 2.86200000e+02 2.79000000e+01
 1.80000000e+01 7.00000000e+00 3.50000000e+01 3.86000000e+02 3.65200000e+02 2.85900000e+02 2.80000000e+01
 1.80000000e+01 7.00000000e+00 3.70000000e+01 3.85900000e+02 3.65000000e+02 2.85700000e+02 2.80000000e+01
 1.80000000e+01 7.00000000e+00 3.90000000e+01 3.85900000e+02 3.64800000e+02 2.85400000e+02 2.80000000e+01
 1.80000000e+01 7.00000000e+00 4.10000000e+01 3.85900000e+02 3.64700000e+02 2.85200000e+02 2.80000000e+01
 1.80000000e+01 7.00000000e+00 4.30000000e+01 3.85900000e+02 3.64500000e+02 2.84900000e+02 2.81000000e+01
 1.80000000e+01 7.00000000e+00 4.50000000e+01 3.85800000e+02 3.64400000e+02 2.84700000e+02 2.81000000e+01
 1.80000000e+01 7.00000000e+00 4.70000000e+01 3.85800000e+02 3.64200000e+02 2.84400000e+02 2.81000000e+01
 1.80000000e+01 7.00000000e+00 4.90000000e+01 3.85700000e+02 3.64100000e+02 2.84200000e+02 2.81000000e+01
 1.80000000e+01 7.00000000e+00 5.10000000e+01 3.85700000e+02 3.64000000e+02 2.83900000e+02 2.81000000e+01
 1.80000000e+01 7.00000000e+00 5.30000000e+01 3.85700000e+02 3.63800000e+02 2.83700000e+02 2.82000000e+01
 1.80000000e+01 7.00000000e+00 5.50000000e+01 3.85700000e+02 3.63700000e+02 2.83400000e+02 2.82000000e+01
 1.80000000e+01 7.00000000e+00 5.70000000e+01 3.85600000e+02 3.63500000e+02 2.83300000e+02 2.82000000e+01
 1.80000000e+01 7.00000000e+00 5.90000000e+01 3.85600000e+02 3.63300000e+02 2.83100000e+02 2.82000000e+01
 1.80000000e+01 8.00000000e+00 1.00000000e+00 3.85600000e+02 3.63200000e+02 2.82800000e+02 2.82000000e+01
 1.80000000e+01 8.00000000e+00 3.00000000e+00 3.85600000e+02 3.63000000e+02 2.82600000e+02 2.82000000e+01
 1.80000000e+01 8.00000000e+00 5.00000000e+00 3.85500000e+02 3.62900000e+02 2.82300000e+02 2.82000000e+01
 1.80000000e+01 8.00000000e+00 7.00000000e+00 3.85500000e+02 3.62700000e+02 2.82100000e+02 2.82000000e+01
 1.80000000e+01 8.00000000e+00 9.00000000e+00 3.85500000e+02 3.62500000e+02 2.81900000e+02 2.82000000e+01
 1.80000000e+01 8.00000000e+00 1.10000000e+01 3.85400000e+02 3.62400000e+02 2.81600000e+02 2.82000000e+01
 1.80000000e+01 8.00000000e+00 1.30000000e+01 3.85400000e+02 3.62200000e+02 2.81400000e+02 2.83000000e+01
 1.80000000e+01 8.00000000e+00 1.50000000e+01 3.85300000e+02 3.62100000e+02 2.81100000e+02 2.83000000e+01
 1.80000000e+01 8.00000000e+00 1.70000000e+01 3.85300000e+02 3.61900000e+02 2.80900000e+02 2.83000000e+01
 1.80000000e+01 8.00000000e+00 1.90000000e+01 3.85300000e+02 3.61800000e+02 2.80700000e+02 2.83000000e+01
 1.80000000e+01 8.00000000e+00 2.10000000e+01 3.85300000e+02 3.61600000e+02 2.80500000e+02 2.83000000e+01
 1.80000000e+01 8.00000000e+00 2.30000000e+01 3.85300000e+02 3.61500000e+02 2.80300000e+02 2.83000000e+01
 1.80000000e+01 8.00000000e+00 2.50000000e+01 3.85200000e+02 3.61400000e+02 2.80000000e+02 2.84000000e+01
 1.80000000e+01 8.00000000e+00 2.70000000e+01 3.85200000e+02 3.61200000e+02 2.79800000e+02 2.84000000e+01
 1.80000000e+01 8.00000000e+00 2.90000000e+01 3.85200000e+02 3.61000000e+02 2.79600000e+02 2.84000000e+01
 1.80000000e+01 8.00000000e+00 3.10000000e+01 3.85100000e+02 3.60800000e+02 2.79400000e+02 2.85000000e+01
 1.80000000e+01 8.00000000e+00 3.30000000e+01 3.85100000e+02 3.60700000e+02 2.79300000e+02 2.85000000e+01
 1.80000000e+01 8.00000000e+00 3.50000000e+01 3.85100000e+02 3.60500000e+02 2.79000000e+02 2.86000000e+01
 1.80000000e+01 8.00000000e+00 3.70000000e+01 3.85000000e+02 3.60300000e+02 2.78800000e+02 2.86000000e+01
 1.80000000e+01 8.00000000e+00 3.90000000e+01 3.85000000e+02 3.60200000e+02 2.78500000e+02 2.85000000e+01
 1.80000000e+01 8.00000000e+00 4.10000000e+01 3.84900000e+02 3.60000000e+02 2.78300000e+02 2.85000000e+01
 1.80000000e+01 8.00000000e+00 4.30000000e+01 3.84900000e+02 3.59800000e+02 2.78100000e+02 2.85000000e+01
 1.80000000e+01 8.00000000e+00 4.50000000e+01 3.84800000e+02 3.59700000e+02 2.77900000e+02 2.85000000e+01
 1.80000000e+01 8.00000000e+00 4.70000000e+01 3.84800000e+02 3.59500000e+02 2.77600000e+02 2.85000000e+01
 1.80000000e+01 8.00000000e+00 4.90000000e+01 3.84700000e+02 3.59400000e+02 2.77400000e+02 2.85000000e+01
 1.80000000e+01 8.00000000e+00 5.10000000e+01 3.84700000e+02 3.59200000e+02 2.77200000e+02 2.84000000e+01
 1.80000000e+01 8.00000000e+00 5.30000000e+01 3.84700000e+02 3.59100000e+02 2.77000000e+02 2.84000000e+01
 1.80000000e+01 8.00000000e+00 5.50000000e+01 3.84600000e+02 3.58900000e+02 2.76700000e+02 2.84000000e+01
 1.80000000e+01 8.00000000e+00 5.70000000e+01 3.84600000e+02 3.58700000e+02 2.76600000e+02 2.84000000e+01
 1.80000000e+01 8.00000000e+00 5.90000000e+01 3.84500000e+02 3.58600000e+02 2.76400000e+02 2.84000000e+01
 1.80000000e+01 9.00000000e+00 1.00000000e+00 3.84500000e+02 3.58400000e+02 2.76200000e+02 2.84000000e+01
 1.80000000e+01 9.00000000e+00 3.00000000e+00 3.84400000e+02 3.58200000e+02 2.76000000e+02 2.85000000e+01
 1.80000000e+01 9.00000000e+00 5.00000000e+00 3.84400000e+02 3.58000000e+02 2.75700000e+02 2.85000000e+01
 1.80000000e+01 9.00000000e+00 7.00000000e+00 3.84300000e+02 3.57900000e+02 2.75500000e+02 2.85000000e+01
 1.80000000e+01 9.00000000e+00 9.00000000e+00 3.84300000e+02 3.57700000e+02 2.75300000e+02 2.85000000e+01
 1.80000000e+01 9.00000000e+00 1.10000000e+01 3.84200000e+02 3.57500000e+02 2.75000000e+02 2.85000000e+01
 1.80000000e+01 9.00000000e+00 1.30000000e+01 3.84200000e+02 3.57300000e+02 2.74800000e+02 2.85000000e+01
 1.80000000e+01 9.00000000e+00 1.50000000e+01 3.84100000e+02 3.57200000e+02 2.74600000e+02 2.85000000e+01
 1.80000000e+01 9.00000000e+00 1.70000000e+01 3.84100000e+02 3.57000000e+02 2.74400000e+02 2.85000000e+01
 1.80000000e+01 9.00000000e+00 1.90000000e+01 3.84000000e+02 3.56900000e+02 2.74100000e+02 2.85000000e+01
 1.80000000e+01 9.00000000e+00 2.10000000e+01 3.84000000e+02 3.56700000e+02 2.73900000e+02 2.85000000e+01
 1.80000000e+01 9.00000000e+00 2.30000000e+01 3.83900000e+02 3.56600000e+02 2.73700000e+02 2.85000000e+01
 1.80000000e+01 9.00000000e+00 2.50000000e+01 3.83900000e+02 3.56400000e+02 2.73500000e+02 2.85000000e+01
 1.80000000e+01 9.00000000e+00 2.70000000e+01 3.83900000e+02 3.56200000e+02 2.73400000e+02 2.85000000e+01
 1.80000000e+01 9.00000000e+00 2.90000000e+01 3.83800000e+02 3.56100000e+02 2.73200000e+02 2.86000000e+01
 1.80000000e+01 9.00000000e+00 3.10000000e+01 3.83800000e+02 3.55900000e+02 2.73100000e+02 2.86000000e+01
 1.80000000e+01 9.00000000e+00 3.30000000e+01 3.83700000e+02 3.55700000e+02 2.72900000e+02 2.86000000e+01
 1.80000000e+01 9.00000000e+00 3.50000000e+01 3.83700000e+02 3.55600000e+02 2.72700000e+02 2.86000000e+01
 1.80000000e+01 9.00000000e+00 3.70000000e+01 3.83600000e+02 3.55400000e+02 2.72400000e+02 2.86000000e+01
 1.80000000e+01 9.00000000e+00 3.90000000e+01 3.83600000e+02 3.55200000e+02 2.72200000e+02 2.86000000e+01
 1.80000000e+01 9.00000000e+00 4.10000000e+01 3.83500000e+02 3.55000000e+02 2.72000000e+02 2.86000000e+01
 1.80000000e+01 9.00000000e+00 4.30000000e+01 3.83400000e+02 3.54900000e+02 2.71800000e+02 2.86000000e+01
 1.80000000e+01 9.00000000e+00 4.50000000e+01 3.83300000e+02 3.54800000e+02 2.71500000e+02 2.86000000e+01
 1.80000000e+01 9.00000000e+00 4.70000000e+01 3.83300000e+02 3.54600000e+02 2.71300000e+02 2.86000000e+01
 1.80000000e+01 9.00000000e+00 4.90000000e+01 3.83200000e+02 3.54400000e+02 2.71100000e+02 2.86000000e+01
 1.80000000e+01 9.00000000e+00 5.10000000e+01 3.83200000e+02 3.54200000e+02 2.70900000e+02 2.86000000e+01
 1.80000000e+01 9.00000000e+00 5.30000000e+01 3.83100000e+02 3.54000000e+02 2.70700000e+02 2.86000000e+01
 1.80000000e+01 9.00000000e+00 5.50000000e+01 3.83100000e+02 3.53900000e+02 2.70500000e+02 2.86000000e+01
 1.80000000e+01 9.00000000e+00 5.70000000e+01 3.83000000e+02 3.53700000e+02 2.70300000e+02 2.86000000e+01
 1.80000000e+01 9.00000000e+00 5.90000000e+01 3.82900000e+02 3.53500000e+02 2.70100000e+02 2.86000000e+01
 1.80000000e+01 1.00000000e+01 1.00000000e+00 3.82900000e+02 3.53300000e+02 2.69800000e+02 2.86000000e+01
 1.80000000e+01 1.00000000e+01 3.00000000e+00 3.82800000e+02 3.53100000e+02 2.69700000e+02 2.86000000e+01
 1.80000000e+01 1.00000000e+01 5.00000000e+00 3.82800000e+02 3.52900000e+02 2.69500000e+02 2.86000000e+01
 1.80000000e+01 1.00000000e+01 7.00000000e+00 3.82700000e+02 3.52800000e+02 2.69300000e+02 2.86000000e+01
 1.80000000e+01 1.00000000e+01 9.00000000e+00 3.82600000e+02 3.52600000e+02 2.69100000e+02 2.86000000e+01
 1.80000000e+01 1.00000000e+01 1.10000000e+01 3.82500000e+02 3.52400000e+02 2.68800000e+02 2.86000000e+01
 1.80000000e+01 1.00000000e+01 1.30000000e+01 3.82500000e+02 3.52200000e+02 2.68600000e+02 2.86000000e+01
 1.80000000e+01 1.00000000e+01 1.50000000e+01 3.82400000e+02 3.52000000e+02 2.68400000e+02 2.86000000e+01
 1.80000000e+01 1.00000000e+01 1.70000000e+01 3.82400000e+02 3.51900000e+02 2.68200000e+02 2.86000000e+01
 1.80000000e+01 1.00000000e+01 1.90000000e+01 3.82300000e+02 3.51700000e+02 2.68100000e+02 2.86000000e+01
 1.80000000e+01 1.00000000e+01 2.10000000e+01 3.82300000e+02 3.51700000e+02 2.67900000e+02 2.87000000e+01
 1.80000000e+01 1.00000000e+01 2.30000000e+01 3.82300000e+02 3.51500000e+02 2.67700000e+02 2.87000000e+01
 1.80000000e+01 1.00000000e+01 2.50000000e+01 3.82200000e+02 3.51300000e+02 2.67500000e+02 2.87000000e+01
 1.80000000e+01 1.00000000e+01 2.70000000e+01 3.82100000e+02 3.51100000e+02 2.67300000e+02 2.87000000e+01
 1.80000000e+01 1.00000000e+01 2.90000000e+01 3.82000000e+02 3.51000000e+02 2.67000000e+02 2.87000000e+01
 1.80000000e+01 1.00000000e+01 3.10000000e+01 3.82000000e+02 3.50800000e+02 2.66900000e+02 2.87000000e+01
 1.80000000e+01 1.00000000e+01 3.30000000e+01 3.81900000e+02 3.50600000e+02 2.66700000e+02 2.87000000e+01
 1.80000000e+01 1.00000000e+01 3.50000000e+01 3.81800000e+02 3.50400000e+02 2.66500000e+02 2.87000000e+01
 1.80000000e+01 1.00000000e+01 3.70000000e+01 3.81700000e+02 3.50200000e+02 2.66300000e+02 2.87000000e+01
 1.80000000e+01 1.00000000e+01 3.90000000e+01 3.81700000e+02 3.50000000e+02 2.66100000e+02 2.87000000e+01
 1.80000000e+01 1.00000000e+01 4.10000000e+01 3.81600000e+02 3.49900000e+02 2.65900000e+02 2.87000000e+01
 1.80000000e+01 1.00000000e+01 4.30000000e+01 3.81500000e+02 3.49700000e+02 2.65700000e+02 2.87000000e+01
 1.80000000e+01 1.00000000e+01 4.50000000e+01 3.81400000e+02 3.49500000e+02 2.65500000e+02 2.87000000e+01
 1.80000000e+01 1.00000000e+01 4.70000000e+01 3.81400000e+02 3.49300000e+02 2.65200000e+02 2.88000000e+01
 1.80000000e+01 1.00000000e+01 4.90000000e+01 3.81300000e+02 3.49200000e+02 2.65000000e+02 2.88000000e+01
 1.80000000e+01 1.00000000e+01 5.10000000e+01 3.81200000e+02 3.49000000e+02 2.64800000e+02 2.88000000e+01
 1.80000000e+01 1.00000000e+01 5.30000000e+01 3.81100000e+02 3.48800000e+02 2.64600000e+02 2.88000000e+01
 1.80000000e+01 1.00000000e+01 5.50000000e+01 3.81000000e+02 3.48600000e+02 2.64400000e+02 2.88000000e+01
 1.80000000e+01 1.00000000e+01 5.70000000e+01 3.81000000e+02 3.48400000e+02 2.64300000e+02 2.88000000e+01
 1.80000000e+01 1.00000000e+01 5.90000000e+01 3.80900000e+02 3.48300000e+02 2.64100000e+02 2.88000000e+01
 1.80000000e+01 1.10000000e+01 1.00000000e+00 3.80800000e+02 3.48100000e+02 2.63900000e+02 2.88000000e+01
 1.80000000e+01 1.10000000e+01 3.00000000e+00 3.80800000e+02 3.47900000e+02 2.63700000e+02 2.88000000e+01
 1.80000000e+01 1.10000000e+01 5.00000000e+00 3.80700000e+02 3.47700000e+02 2.63500000e+02 2.88000000e+01
 1.80000000e+01 1.10000000e+01 7.00000000e+00 3.80600000e+02 3.47500000e+02 2.63300000e+02 2.88000000e+01
 1.80000000e+01 1.10000000e+01 9.00000000e+00 3.80500000e+02 3.47300000e+02 2.63100000e+02 2.88000000e+01
 1.80000000e+01 1.10000000e+01 1.10000000e+01 3.80400000e+02 3.47200000e+02 2.62900000e+02 2.88000000e+01
 1.80000000e+01 1.10000000e+01 1.30000000e+01 3.80300000e+02 3.47000000e+02 2.62700000e+02 2.88000000e+01
 1.80000000e+01 1.10000000e+01 1.50000000e+01 3.80200000e+02 3.46900000e+02 2.62600000e+02 2.88000000e+01
 1.80000000e+01 1.10000000e+01 1.70000000e+01 3.80100000e+02 3.46700000e+02 2.62400000e+02 2.88000000e+01
 1.80000000e+01 1.10000000e+01 1.90000000e+01 3.80100000e+02 3.46500000e+02 2.62200000e+02 2.89000000e+01
 1.80000000e+01 1.10000000e+01 2.10000000e+01 3.80000000e+02 3.46300000e+02 2.62000000e+02 2.88000000e+01
 1.80000000e+01 1.10000000e+01 2.30000000e+01 3.79900000e+02 3.46100000e+02 2.61800000e+02 2.88000000e+01
 1.80000000e+01 1.10000000e+01 2.50000000e+01 3.79800000e+02 3.45900000e+02 2.61600000e+02 2.88000000e+01
 1.80000000e+01 1.10000000e+01 2.70000000e+01 3.79800000e+02 3.45700000e+02 2.61400000e+02 2.88000000e+01
 1.80000000e+01 1.10000000e+01 2.90000000e+01 3.79700000e+02 3.45600000e+02 2.61200000e+02 2.88000000e+01
 1.80000000e+01 1.10000000e+01 3.10000000e+01 3.79600000e+02 3.45400000e+02 2.61000000e+02 2.88000000e+01
 1.80000000e+01 1.10000000e+01 3.30000000e+01 3.79500000e+02 3.45200000e+02 2.60900000e+02 2.88000000e+01
 1.80000000e+01 1.10000000e+01 3.50000000e+01 3.79400000e+02 3.45000000e+02 2.60700000e+02 2.88000000e+01
 1.80000000e+01 1.10000000e+01 3.70000000e+01 3.79300000e+02 3.44800000e+02 2.60600000e+02 2.88000000e+01
 1.80000000e+01 1.10000000e+01 3.90000000e+01 3.79200000e+02 3.44600000e+02 2.60400000e+02 2.88000000e+01
 1.80000000e+01 1.10000000e+01 4.10000000e+01 3.79100000e+02 3.44400000e+02 2.60200000e+02 2.88000000e+01
 1.80000000e+01 1.10000000e+01 4.30000000e+01 3.79000000e+02 3.44200000e+02 2.60000000e+02 2.88000000e+01
 1.80000000e+01 1.10000000e+01 4.50000000e+01 3.78900000e+02 3.44100000e+02 2.59800000e+02 2.88000000e+01
 1.80000000e+01 1.10000000e+01 4.70000000e+01 3.78800000e+02 3.43900000e+02 2.59600000e+02 2.89000000e+01
 1.80000000e+01 1.10000000e+01 4.90000000e+01 3.78800000e+02 3.43700000e+02 2.59500000e+02 2.89000000e+01
 1.80000000e+01 1.10000000e+01 5.10000000e+01 3.78700000e+02 3.43600000e+02 2.59300000e+02 2.89000000e+01
 1.80000000e+01 1.10000000e+01 5.30000000e+01 3.78600000e+02 3.43400000e+02 2.59100000e+02 2.89000000e+01
 1.80000000e+01 1.10000000e+01 5.50000000e+01 3.78600000e+02 3.43200000e+02 2.58900000e+02 2.89000000e+01
 1.80000000e+01 1.10000000e+01 5.70000000e+01 3.78500000e+02 3.43000000e+02 2.58800000e+02 2.90000000e+01
 1.80000000e+01 1.10000000e+01 5.90000000e+01 3.78400000e+02 3.42900000e+02 2.58600000e+02 2.90000000e+01
 1.80000000e+01 1.20000000e+01 1.00000000e+00 3.78300000e+02 3.42700000e+02 2.58500000e+02 2.90000000e+01
 1.80000000e+01 1.20000000e+01 3.00000000e+00 3.78200000e+02 3.42500000e+02 2.58300000e+02 2.90000000e+01
 1.80000000e+01 1.20000000e+01 5.00000000e+00 3.78100000e+02 3.42300000e+02 2.58100000e+02 2.90000000e+01
 1.80000000e+01 1.20000000e+01 7.00000000e+00 3.78000000e+02 3.42100000e+02 2.58000000e+02 2.91000000e+01
 1.80000000e+01 1.20000000e+01 9.00000000e+00 3.77900000e+02 3.42000000e+02 2.57800000e+02 2.91000000e+01
 1.80000000e+01 1.20000000e+01 1.10000000e+01 3.77800000e+02 3.41800000e+02 2.57600000e+02 2.90000000e+01
 1.80000000e+01 1.20000000e+01 1.30000000e+01 3.77700000e+02 3.41600000e+02 2.57400000e+02 2.90000000e+01
 1.80000000e+01 1.20000000e+01 1.50000000e+01 3.77600000e+02 3.41400000e+02 2.57200000e+02 2.90000000e+01
 1.80000000e+01 1.20000000e+01 1.70000000e+01 3.77500000e+02 3.41200000e+02 2.57000000e+02 2.90000000e+01
 1.80000000e+01 1.20000000e+01 1.90000000e+01 3.77400000e+02 3.41100000e+02 2.56900000e+02 2.91000000e+01
 1.80000000e+01 1.20000000e+01 2.10000000e+01 3.77300000e+02 3.40900000e+02 2.56700000e+02 2.91000000e+01
 1.80000000e+01 1.20000000e+01 2.30000000e+01 3.77200000e+02 3.40700000e+02 2.56500000e+02 2.91000000e+01
 1.80000000e+01 1.20000000e+01 2.50000000e+01 3.77100000e+02 3.40500000e+02 2.56300000e+02 2.91000000e+01
 1.80000000e+01 1.20000000e+01 2.70000000e+01 3.77100000e+02 3.40300000e+02 2.56100000e+02 2.91000000e+01
 1.80000000e+01 1.20000000e+01 2.90000000e+01 3.76900000e+02 3.40100000e+02 2.55900000e+02 2.91000000e+01
 1.80000000e+01 1.20000000e+01 3.10000000e+01 3.76800000e+02 3.39900000e+02 2.55700000e+02 2.91000000e+01
 1.80000000e+01 1.20000000e+01 3.30000000e+01 3.76700000e+02 3.39800000e+02 2.55500000e+02 2.91000000e+01
 1.80000000e+01 1.20000000e+01 3.50000000e+01 3.76600000e+02 3.39600000e+02 2.55300000e+02 2.91000000e+01
 1.80000000e+01 1.20000000e+01 3.70000000e+01 3.76500000e+02 3.39400000e+02 2.55100000e+02 2.91000000e+01
 1.80000000e+01 1.20000000e+01 3.90000000e+01 3.76400000e+02 3.39200000e+02 2.54900000e+02 2.90000000e+01
 1.80000000e+01 1.20000000e+01 4.10000000e+01 3.76300000e+02 3.39000000e+02 2.54800000e+02 2.90000000e+01
 1.80000000e+01 1.20000000e+01 4.30000000e+01 3.76200000e+02 3.38800000e+02 2.54600000e+02 2.90000000e+01
 1.80000000e+01 1.20000000e+01 4.50000000e+01 3.76100000e+02 3.38700000e+02 2.54400000e+02 2.90000000e+01
 1.80000000e+01 1.20000000e+01 4.70000000e+01 3.76000000e+02 3.38500000e+02 2.54200000e+02 2.90000000e+01
 1.80000000e+01 1.20000000e+01 4.90000000e+01 3.75900000e+02 3.38300000e+02 2.54000000e+02 2.90000000e+01
 1.80000000e+01 1.20000000e+01 5.10000000e+01 3.75800000e+02 3.38100000e+02 2.53900000e+02 2.90000000e+01
 1.80000000e+01 1.20000000e+01 5.30000000e+01 3.75600000e+02 3.37900000e+02 2.53700000e+02 2.91000000e+01
 1.80000000e+01 1.20000000e+01 5.50000000e+01 3.75600000e+02 3.37800000e+02 2.53500000e+02 2.91000000e+01
 1.80000000e+01 1.20000000e+01 5.70000000e+01 3.75500000e+02 3.37600000e+02 2.53400000e+02 2.91000000e+01
 1.80000000e+01 1.20000000e+01 5.90000000e+01 3.75400000e+02 3.37400000e+02 2.53200000e+02 2.91000000e+01
 1.80000000e+01 1.30000000e+01 1.00000000e+00 3.75300000e+02 3.37200000e+02 2.53000000e+02 2.91000000e+01
 1.80000000e+01 1.30000000e+01 3.00000000e+00 3.75200000e+02 3.37000000e+02 2.52900000e+02 2.91000000e+01
 1.80000000e+01 1.30000000e+01 5.00000000e+00 3.75100000e+02 3.36800000e+02 2.52700000e+02 2.91000000e+01
 1.80000000e+01 1.30000000e+01 7.00000000e+00 3.74900000e+02 3.36600000e+02 2.52500000e+02 2.91000000e+01
 1.80000000e+01 1.30000000e+01 9.00000000e+00 3.74800000e+02 3.36400000e+02 2.52400000e+02 2.91000000e+01
 1.80000000e+01 1.30000000e+01 1.10000000e+01 3.74700000e+02 3.36200000e+02 2.52200000e+02 2.91000000e+01
 1.80000000e+01 1.30000000e+01 1.30000000e+01 3.74600000e+02 3.36000000e+02 2.52000000e+02 2.91000000e+01
 1.80000000e+01 1.30000000e+01 1.50000000e+01 3.74500000e+02 3.35800000e+02 2.51900000e+02 2.90000000e+01
 1.80000000e+01 1.30000000e+01 1.70000000e+01 3.74400000e+02 3.35600000e+02 2.51700000e+02 2.90000000e+01
 1.80000000e+01 1.30000000e+01 1.90000000e+01 3.74200000e+02 3.35500000e+02 2.51500000e+02 2.89000000e+01
 1.80000000e+01 1.30000000e+01 2.10000000e+01 3.74200000e+02 3.35400000e+02 2.51300000e+02 2.89000000e+01
 1.80000000e+01 1.30000000e+01 2.30000000e+01 3.74100000e+02 3.35200000e+02 2.51200000e+02 2.89000000e+01
 1.80000000e+01 1.30000000e+01 2.50000000e+01 3.73900000e+02 3.35000000e+02 2.51000000e+02 2.89000000e+01
 1.80000000e+01 1.30000000e+01 2.70000000e+01 3.73800000e+02 3.34800000e+02 2.50800000e+02 2.89000000e+01
 1.80000000e+01 1.30000000e+01 2.90000000e+01 3.73700000e+02 3.34600000e+02 2.50600000e+02 2.89000000e+01
 1.80000000e+01 1.30000000e+01 3.10000000e+01 3.73600000e+02 3.34400000e+02 2.50600000e+02 2.89000000e+01
 1.80000000e+01 1.30000000e+01 3.30000000e+01 3.73500000e+02 3.34200000e+02 2.50400000e+02 2.89000000e+01
 1.80000000e+01 1.30000000e+01 3.50000000e+01 3.73400000e+02 3.34000000e+02 2.50200000e+02 2.89000000e+01
 1.80000000e+01 1.30000000e+01 3.70000000e+01 3.73200000e+02 3.33800000e+02 2.50000000e+02 2.90000000e+01
 1.80000000e+01 1.30000000e+01 3.90000000e+01 3.73100000e+02 3.33600000e+02 2.49800000e+02 2.90000000e+01
 1.80000000e+01 1.30000000e+01 4.10000000e+01 3.73000000e+02 3.33400000e+02 2.49700000e+02 2.90000000e+01
 1.80000000e+01 1.30000000e+01 4.30000000e+01 3.72900000e+02 3.33200000e+02 2.49500000e+02 2.90000000e+01
 1.80000000e+01 1.30000000e+01 4.50000000e+01 3.72700000e+02 3.33000000e+02 2.49300000e+02 2.90000000e+01
 1.80000000e+01 1.30000000e+01 4.70000000e+01 3.72600000e+02 3.32800000e+02 2.49100000e+02 2.90000000e+01
 1.80000000e+01 1.30000000e+01 4.90000000e+01 3.72500000e+02 3.32700000e+02 2.49000000e+02 2.91000000e+01
 1.80000000e+01 1.30000000e+01 5.10000000e+01 3.72400000e+02 3.32500000e+02 2.48800000e+02 2.91000000e+01
 1.80000000e+01 1.30000000e+01 5.30000000e+01 3.72200000e+02 3.32400000e+02 2.48600000e+02 2.91000000e+01
 1.80000000e+01 1.30000000e+01 5.50000000e+01 3.72100000e+02 3.32200000e+02 2.48400000e+02 2.91000000e+01
 1.80000000e+01 1.30000000e+01 5.70000000e+01 3.72100000e+02 3.32000000e+02 2.48300000e+02 2.91000000e+01
 1.80000000e+01 1.30000000e+01 5.90000000e+01 3.71900000e+02 3.31800000e+02 2.48200000e+02 2.91000000e+01
 1.80000000e+01 1.40000000e+01 1.00000000e+00 3.71800000e+02 3.31600000e+02 2.48000000e+02 2.91000000e+01
 1.80000000e+01 1.40000000e+01 3.00000000e+00 3.71700000e+02 3.31400000e+02 2.47900000e+02 2.91000000e+01
 1.80000000e+01 1.40000000e+01 5.00000000e+00 3.71600000e+02 3.31300000e+02 2.47800000e+02 2.91000000e+01
 1.80000000e+01 1.40000000e+01 7.00000000e+00 3.71500000e+02 3.31100000e+02 2.47600000e+02 2.92000000e+01
 1.80000000e+01 1.40000000e+01 9.00000000e+00 3.71400000e+02 3.30900000e+02 2.47400000e+02 2.91000000e+01
 1.80000000e+01 1.40000000e+01 1.10000000e+01 3.71300000e+02 3.30700000e+02 2.47300000e+02 2.91000000e+01
 1.80000000e+01 1.40000000e+01 1.30000000e+01 3.71200000e+02 3.30500000e+02 2.47100000e+02 2.91000000e+01
 1.80000000e+01 1.40000000e+01 1.50000000e+01 3.71000000e+02 3.30400000e+02 2.46900000e+02 2.91000000e+01
 1.80000000e+01 1.40000000e+01 1.70000000e+01 3.70900000e+02 3.30200000e+02 2.46700000e+02 2.91000000e+01
 1.80000000e+01 1.40000000e+01 1.90000000e+01 3.70800000e+02 3.30000000e+02 2.46600000e+02 2.91000000e+01
 1.80000000e+01 1.40000000e+01 2.10000000e+01 3.70700000e+02 3.29800000e+02 2.46400000e+02 2.91000000e+01
 1.80000000e+01 1.40000000e+01 2.30000000e+01 3.70500000e+02 3.29600000e+02 2.46200000e+02 2.91000000e+01
 1.80000000e+01 1.40000000e+01 2.50000000e+01 3.70500000e+02 3.29400000e+02 2.46100000e+02 2.91000000e+01
 1.80000000e+01 1.40000000e+01 2.70000000e+01 3.70300000e+02 3.29300000e+02 2.45900000e+02 2.91000000e+01
 1.80000000e+01 1.40000000e+01 2.90000000e+01 3.70200000e+02 3.29100000e+02 2.45700000e+02 2.91000000e+01
 1.80000000e+01 1.40000000e+01 3.10000000e+01 3.70000000e+02 3.28900000e+02 2.45600000e+02 2.91000000e+01
 1.80000000e+01 1.40000000e+01 3.30000000e+01 3.69900000e+02 3.28700000e+02 2.45500000e+02 2.91000000e+01
 1.80000000e+01 1.40000000e+01 3.50000000e+01 3.69800000e+02 3.28500000e+02 2.45300000e+02 2.91000000e+01
 1.80000000e+01 1.40000000e+01 3.70000000e+01 3.69700000e+02 3.28300000e+02 2.45100000e+02 2.92000000e+01
 1.80000000e+01 1.40000000e+01 3.90000000e+01 3.69500000e+02 3.28100000e+02 2.45000000e+02 2.92000000e+01
 1.80000000e+01 1.40000000e+01 4.10000000e+01 3.69400000e+02 3.27900000e+02 2.44800000e+02 2.92000000e+01
 1.80000000e+01 1.40000000e+01 4.30000000e+01 3.69200000e+02 3.27800000e+02 2.44600000e+02 2.92000000e+01
 1.80000000e+01 1.40000000e+01 4.50000000e+01 3.69100000e+02 3.27600000e+02 2.44500000e+02 2.92000000e+01
 1.80000000e+01 1.40000000e+01 4.70000000e+01 3.69000000e+02 3.27400000e+02 2.44300000e+02 2.92000000e+01
 1.80000000e+01 1.40000000e+01 4.90000000e+01 3.68800000e+02 3.27200000e+02 2.44100000e+02 2.92000000e+01
 1.80000000e+01 1.40000000e+01 5.10000000e+01 3.68800000e+02 3.27100000e+02 2.44000000e+02 2.92000000e+01
 1.80000000e+01 1.40000000e+01 5.30000000e+01 3.68600000e+02 3.26900000e+02 2.43800000e+02 2.92000000e+01
 1.80000000e+01 1.40000000e+01 5.50000000e+01 3.68500000e+02 3.26700000e+02 2.43600000e+02 2.92000000e+01
 1.80000000e+01 1.40000000e+01 5.70000000e+01 3.68300000e+02 3.26500000e+02 2.43500000e+02 2.92000000e+01
 1.80000000e+01 1.40000000e+01 5.90000000e+01 3.68200000e+02 3.26300000e+02 2.43300000e+02 2.92000000e+01
 1.80000000e+01 1.50000000e+01 1.00000000e+00 3.68100000e+02 3.26100000e+02 2.43200000e+02 2.92000000e+01
 1.80000000e+01 1.50000000e+01 3.00000000e+00 3.68000000e+02 3.25900000e+02 2.43100000e+02 2.91000000e+01
 1.80000000e+01 1.50000000e+01 5.00000000e+00 3.67800000e+02 3.25700000e+02 2.42900000e+02 2.91000000e+01
 1.80000000e+01 1.50000000e+01 7.00000000e+00 3.67700000e+02 3.25500000e+02 2.42700000e+02 2.91000000e+01
 1.80000000e+01 1.50000000e+01 9.00000000e+00 3.67500000e+02 3.25300000e+02 2.42600000e+02 2.91000000e+01
 1.80000000e+01 1.50000000e+01 1.10000000e+01 3.67400000e+02 3.25200000e+02 2.42400000e+02 2.91000000e+01
 1.80000000e+01 1.50000000e+01 1.30000000e+01 3.67300000e+02 3.25000000e+02 2.42300000e+02 2.92000000e+01
 1.80000000e+01 1.50000000e+01 1.50000000e+01 3.67100000e+02 3.24800000e+02 2.42100000e+02 2.92000000e+01
 1.80000000e+01 1.50000000e+01 1.70000000e+01 3.67000000e+02 3.24600000e+02 2.41900000e+02 2.92000000e+01
 1.80000000e+01 1.50000000e+01 1.90000000e+01 3.66800000e+02 3.24500000e+02 2.41800000e+02 2.92000000e+01
 1.80000000e+01 1.50000000e+01 2.10000000e+01 3.66700000e+02 3.24300000e+02 2.41600000e+02 2.92000000e+01
 1.80000000e+01 1.50000000e+01 2.30000000e+01 3.66500000e+02 3.24100000e+02 2.41500000e+02 2.92000000e+01
 1.80000000e+01 1.50000000e+01 2.50000000e+01 3.66400000e+02 3.23900000e+02 2.41300000e+02 2.92000000e+01
 1.80000000e+01 1.50000000e+01 2.70000000e+01 3.66300000e+02 3.23700000e+02 2.41200000e+02 2.92000000e+01
 1.80000000e+01 1.50000000e+01 2.90000000e+01 3.66200000e+02 3.23500000e+02 2.41100000e+02 2.92000000e+01
 1.80000000e+01 1.50000000e+01 3.10000000e+01 3.66000000e+02 3.23300000e+02 2.40900000e+02 2.92000000e+01
 1.80000000e+01 1.50000000e+01 3.30000000e+01 3.65900000e+02 3.23200000e+02 2.40700000e+02 2.91000000e+01
 1.80000000e+01 1.50000000e+01 3.50000000e+01 3.65700000e+02 3.23000000e+02 2.40600000e+02 2.91000000e+01
 1.80000000e+01 1.50000000e+01 3.70000000e+01 3.65600000e+02 3.22800000e+02 2.40400000e+02 2.90000000e+01
 1.80000000e+01 1.50000000e+01 3.90000000e+01 3.65400000e+02 3.22600000e+02 2.40300000e+02 2.90000000e+01
 1.80000000e+01 1.50000000e+01 4.10000000e+01 3.65300000e+02 3.22400000e+02 2.40100000e+02 2.90000000e+01
 1.80000000e+01 1.50000000e+01 4.30000000e+01 3.65200000e+02 3.22200000e+02 2.40000000e+02 2.90000000e+01
 1.80000000e+01 1.50000000e+01 4.50000000e+01 3.65000000e+02 3.22100000e+02 2.39800000e+02 2.90000000e+01
 1.80000000e+01 1.50000000e+01 4.70000000e+01 3.64900000e+02 3.21900000e+02 2.39600000e+02 2.90000000e+01
 1.80000000e+01 1.50000000e+01 4.90000000e+01 3.64700000e+02 3.21700000e+02 2.39500000e+02 2.90000000e+01
 1.80000000e+01 1.50000000e+01 5.10000000e+01 3.64600000e+02 3.21500000e+02 2.39300000e+02 2.90000000e+01
 1.80000000e+01 1.50000000e+01 5.30000000e+01 3.64400000e+02 3.21300000e+02 2.39200000e+02 2.90000000e+01
 1.80000000e+01 1.50000000e+01 5.50000000e+01 3.64400000e+02 3.21200000e+02 2.39100000e+02 2.90000000e+01
 1.80000000e+01 1.50000000e+01 5.70000000e+01 3.64300000e+02 3.21000000e+02 2.38900000e+02 2.90000000e+01
 1.80000000e+01 1.50000000e+01 5.90000000e+01 3.64200000e+02 3.20800000e+02 2.38800000e+02 2.90000000e+01
 1.80000000e+01 1.60000000e+01 1.00000000e+00 3.64000000e+02 3.20700000e+02 2.38700000e+02 2.91000000e+01
 1.80000000e+01 1.60000000e+01 3.00000000e+00 3.63900000e+02 3.20500000e+02 2.38600000e+02 2.91000000e+01
 1.80000000e+01 1.60000000e+01 5.00000000e+00 3.63700000e+02 3.20300000e+02 2.38400000e+02 2.91000000e+01
 1.80000000e+01 1.60000000e+01 7.00000000e+00 3.63600000e+02 3.20100000e+02 2.38300000e+02 2.91000000e+01
 1.80000000e+01 1.60000000e+01 9.00000000e+00 3.63400000e+02 3.19900000e+02 2.38100000e+02 2.91000000e+01
 1.80000000e+01 1.60000000e+01 1.10000000e+01 3.63300000e+02 3.19700000e+02 2.37900000e+02 2.91000000e+01
 1.80000000e+01 1.60000000e+01 1.30000000e+01 3.63100000e+02 3.19500000e+02 2.37800000e+02 2.91000000e+01
 1.80000000e+01 1.60000000e+01 1.50000000e+01 3.63000000e+02 3.19300000e+02 2.37600000e+02 2.91000000e+01
 1.80000000e+01 1.60000000e+01 1.70000000e+01 3.62800000e+02 3.19200000e+02 2.37500000e+02 2.91000000e+01
 1.80000000e+01 1.60000000e+01 1.90000000e+01 3.62700000e+02 3.19000000e+02 2.37300000e+02 2.91000000e+01
 1.80000000e+01 1.60000000e+01 2.10000000e+01 3.62600000e+02 3.18900000e+02 2.37200000e+02 2.91000000e+01
 1.80000000e+01 1.60000000e+01 2.30000000e+01 3.62400000e+02 3.18700000e+02 2.37000000e+02 2.91000000e+01
 1.80000000e+01 1.60000000e+01 2.50000000e+01 3.62300000e+02 3.18500000e+02 2.36900000e+02 2.91000000e+01
 1.80000000e+01 1.60000000e+01 2.70000000e+01 3.62100000e+02 3.18300000e+02 2.36700000e+02 2.91000000e+01
 1.80000000e+01 1.60000000e+01 2.90000000e+01 3.62000000e+02 3.18100000e+02 2.36600000e+02 2.91000000e+01
 1.80000000e+01 1.60000000e+01 3.10000000e+01 3.61800000e+02 3.17900000e+02 2.36500000e+02 2.91000000e+01
 1.80000000e+01 1.60000000e+01 3.30000000e+01 3.61700000e+02 3.17700000e+02 2.36300000e+02 2.91000000e+01
 1.80000000e+01 1.60000000e+01 3.50000000e+01 3.61500000e+02 3.17500000e+02 2.36200000e+02 2.91000000e+01
 1.80000000e+01 1.60000000e+01 3.70000000e+01 3.61400000e+02 3.17300000e+02 2.36000000e+02 2.91000000e+01
 1.80000000e+01 1.60000000e+01 3.90000000e+01 3.61200000e+02 3.17200000e+02 2.35900000e+02 2.91000000e+01
 1.80000000e+01 1.60000000e+01 4.10000000e+01 3.61100000e+02 3.17000000e+02 2.35700000e+02 2.91000000e+01
 1.80000000e+01 1.60000000e+01 4.30000000e+01 3.60900000e+02 3.16800000e+02 2.35600000e+02 2.91000000e+01
 1.80000000e+01 1.60000000e+01 4.50000000e+01 3.60800000e+02 3.16600000e+02 2.35400000e+02 2.91000000e+01
 1.80000000e+01 1.60000000e+01 4.70000000e+01 3.60600000e+02 3.16400000e+02 2.35300000e+02 2.91000000e+01
 1.80000000e+01 1.60000000e+01 4.90000000e+01 3.60500000e+02 3.16300000e+02 2.35100000e+02 2.91000000e+01
 1.80000000e+01 1.60000000e+01 5.10000000e+01 3.60300000e+02 3.16100000e+02 2.35000000e+02 2.91000000e+01
 1.80000000e+01 1.60000000e+01 5.30000000e+01 3.60200000e+02 3.15900000e+02 2.34800000e+02 2.91000000e+01
 1.80000000e+01 1.60000000e+01 5.50000000e+01 3.60000000e+02 3.15700000e+02 2.34700000e+02 2.91000000e+01
 1.80000000e+01 1.60000000e+01 5.70000000e+01 3.59900000e+02 3.15600000e+02 2.34600000e+02 2.91000000e+01
 1.80000000e+01 1.60000000e+01 5.90000000e+01 3.59800000e+02 3.15400000e+02 2.34400000e+02 2.91000000e+01
 1.80000000e+01 1.70000000e+01 1.00000000e+00 3.59600000e+02 3.15200000e+02 2.34300000e+02 2.91000000e+01
 1.80000000e+01 1.70000000e+01 3.00000000e+00 3.59500000e+02 3.15000000e+02 2.34100000e+02 2.91000000e+01
 1.80000000e+01 1.70000000e+01 5.00000000e+00 3.59300000e+02 3.14800000e+02 2.34000000e+02 2.91000000e+01
 1.80000000e+01 1.70000000e+01 7.00000000e+00 3.59200000e+02 3.14600000e+02 2.33800000e+02 2.91000000e+01
 1.80000000e+01 1.70000000e+01 9.00000000e+00 3.59000000e+02 3.14400000e+02 2.33700000e+02 2.91000000e+01
 1.80000000e+01 1.70000000e+01 1.10000000e+01 3.58800000e+02 3.14300000e+02 2.33500000e+02 2.91000000e+01
 1.80000000e+01 1.70000000e+01 1.30000000e+01 3.58700000e+02 3.14100000e+02 2.33400000e+02 2.91000000e+01
 1.80000000e+01 1.70000000e+01 1.50000000e+01 3.58500000e+02 3.14000000e+02 2.33300000e+02 2.91000000e+01
 1.80000000e+01 1.70000000e+01 1.70000000e+01 3.58400000e+02 3.13800000e+02 2.33100000e+02 2.91000000e+01
 1.80000000e+01 1.70000000e+01 1.90000000e+01 3.58200000e+02 3.13600000e+02 2.33000000e+02 2.91000000e+01
 1.80000000e+01 1.70000000e+01 2.10000000e+01 3.58000000e+02 3.13400000e+02 2.32800000e+02 2.91000000e+01
 1.80000000e+01 1.70000000e+01 2.30000000e+01 3.57900000e+02 3.13200000e+02 2.32700000e+02 2.90000000e+01
 1.80000000e+01 1.70000000e+01 2.50000000e+01 3.57800000e+02 3.13000000e+02 2.32500000e+02 2.90000000e+01
 1.80000000e+01 1.70000000e+01 2.70000000e+01 3.57600000e+02 3.12800000e+02 2.32400000e+02 2.90000000e+01
 1.80000000e+01 1.70000000e+01 2.90000000e+01 3.57500000e+02 3.12600000e+02 2.32200000e+02 2.90000000e+01
 1.80000000e+01 1.70000000e+01 3.10000000e+01 3.57300000e+02 3.12500000e+02 2.32100000e+02 2.91000000e+01
 1.80000000e+01 1.70000000e+01 3.30000000e+01 3.57200000e+02 3.12300000e+02 2.32000000e+02 2.91000000e+01
 1.80000000e+01 1.70000000e+01 3.50000000e+01 3.57000000e+02 3.12100000e+02 2.31900000e+02 2.91000000e+01
 1.80000000e+01 1.70000000e+01 3.70000000e+01 3.56900000e+02 3.11900000e+02 2.31700000e+02 2.91000000e+01
 1.80000000e+01 1.70000000e+01 3.90000000e+01 3.56700000e+02 3.11700000e+02 2.31600000e+02 2.91000000e+01
 1.80000000e+01 1.70000000e+01 4.10000000e+01 3.56500000e+02 3.11500000e+02 2.31400000e+02 2.91000000e+01
 1.80000000e+01 1.70000000e+01 4.30000000e+01 3.56400000e+02 3.11300000e+02 2.31300000e+02 2.91000000e+01
 1.80000000e+01 1.70000000e+01 4.50000000e+01 3.56200000e+02 3.11200000e+02 2.31100000e+02 2.91000000e+01
 1.80000000e+01 1.70000000e+01 4.70000000e+01 3.56100000e+02 3.11000000e+02 2.31000000e+02 2.91000000e+01
 1.80000000e+01 1.70000000e+01 4.90000000e+01 3.55900000e+02 3.10800000e+02 2.30800000e+02 2.91000000e+01
 1.80000000e+01 1.70000000e+01 5.10000000e+01 3.55800000e+02 3.10700000e+02 2.30700000e+02 2.91000000e+01
 1.80000000e+01 1.70000000e+01 5.30000000e+01 3.55700000e+02 3.10500000e+02 2.30600000e+02 2.91000000e+01
 1.80000000e+01 1.70000000e+01 5.50000000e+01 3.55500000e+02 3.10300000e+02 2.30400000e+02 2.91000000e+01
 1.80000000e+01 1.70000000e+01 5.70000000e+01 3.55300000e+02 3.10100000e+02 2.30300000e+02 2.91000000e+01
 1.80000000e+01 1.70000000e+01 5.90000000e+01 3.55200000e+02 3.10000000e+02 2.30200000e+02 2.91000000e+01
 1.80000000e+01 1.80000000e+01 1.00000000e+00 3.55000000e+02 3.09800000e+02 2.30100000e+02 2.91000000e+01
 1.80000000e+01 1.80000000e+01 3.00000000e+00 3.54900000e+02 3.09600000e+02 2.29900000e+02 2.91000000e+01
 1.80000000e+01 1.80000000e+01 5.00000000e+00 3.54700000e+02 3.09400000e+02 2.29800000e+02 2.91000000e+01
 1.80000000e+01 1.80000000e+01 7.00000000e+00 3.54500000e+02 3.09200000e+02 2.29600000e+02 2.91000000e+01
 1.80000000e+01 1.80000000e+01 9.00000000e+00 3.54400000e+02 3.09000000e+02 2.29500000e+02 2.91000000e+01
 1.80000000e+01 1.80000000e+01 1.10000000e+01 3.54200000e+02 3.08900000e+02 2.29400000e+02 2.91000000e+01
 1.80000000e+01 1.80000000e+01 1.30000000e+01 3.54100000e+02 3.08700000e+02 2.29300000e+02 2.91000000e+01
 1.80000000e+01 2.50000000e+01 5.30000000e+01 3.15400000e+02 2.70300000e+02 2.01600000e+02 2.93000000e+01
 1.80000000e+01 2.50000000e+01 5.50000000e+01 3.15200000e+02 2.70100000e+02 2.01600000e+02 2.92000000e+01
 1.80000000e+01 2.50000000e+01 5.70000000e+01 3.15000000e+02 2.70000000e+02 2.01500000e+02 2.92000000e+01
 1.80000000e+01 2.50000000e+01 5.90000000e+01 3.14900000e+02 2.69800000e+02 2.01500000e+02 2.92000000e+01
 1.80000000e+01 2.60000000e+01 1.00000000e+00 3.14700000e+02 2.69700000e+02 2.01400000e+02 2.92000000e+01
 1.80000000e+01 2.60000000e+01 3.00000000e+00 3.14500000e+02 2.69500000e+02 2.01300000e+02 2.92000000e+01
 1.80000000e+01 2.60000000e+01 5.00000000e+00 3.14300000e+02 2.69300000e+02 2.01200000e+02 2.92000000e+01
 1.80000000e+01 2.60000000e+01 7.00000000e+00 3.14100000e+02 2.69200000e+02 2.01100000e+02 2.92000000e+01
 1.80000000e+01 2.60000000e+01 9.00000000e+00 3.14000000e+02 2.69000000e+02 2.01000000e+02 2.92000000e+01
 1.80000000e+01 2.60000000e+01 1.10000000e+01 3.13800000e+02 2.68800000e+02 2.00900000e+02 2.92000000e+01
 1.80000000e+01 2.60000000e+01 1.30000000e+01 3.13600000e+02 2.68700000e+02 2.00700000e+02 2.92000000e+01
 1.80000000e+01 2.60000000e+01 1.50000000e+01 3.13400000e+02 2.68500000e+02 2.00600000e+02 2.92000000e+01
 1.80000000e+01 2.60000000e+01 1.70000000e+01 3.13200000e+02 2.68400000e+02 2.00500000e+02 2.92000000e+01
 1.80000000e+01 2.60000000e+01 1.90000000e+01 3.13100000e+02 2.68300000e+02 2.00400000e+02 2.92000000e+01
 1.80000000e+01 2.60000000e+01 2.10000000e+01 3.12900000e+02 2.68100000e+02 2.00300000e+02 2.92000000e+01
 1.80000000e+01 2.60000000e+01 2.30000000e+01 3.12700000e+02 2.68000000e+02 2.00200000e+02 2.93000000e+01
 1.80000000e+01 2.60000000e+01 2.50000000e+01 3.12500000e+02 2.67800000e+02 2.00100000e+02 2.93000000e+01
 1.80000000e+01 2.60000000e+01 2.70000000e+01 3.12500000e+02 2.67700000e+02 2.00000000e+02 2.93000000e+01
 1.80000000e+01 2.60000000e+01 2.90000000e+01 3.12300000e+02 2.67500000e+02 1.99900000e+02 2.93000000e+01
 1.80000000e+01 2.60000000e+01 3.10000000e+01 3.12100000e+02 2.67300000e+02 1.99800000e+02 2.92000000e+01
 1.80000000e+01 2.60000000e+01 3.30000000e+01 3.11900000e+02 2.67200000e+02 1.99700000e+02 2.92000000e+01
 1.80000000e+01 2.60000000e+01 3.50000000e+01 3.11800000e+02 2.67000000e+02 1.99600000e+02 2.92000000e+01
 1.80000000e+01 2.60000000e+01 3.70000000e+01 3.11600000e+02 2.66900000e+02 1.99500000e+02 2.92000000e+01
 1.80000000e+01 2.60000000e+01 3.90000000e+01 3.11400000e+02 2.66700000e+02 1.99400000e+02 2.92000000e+01
 1.80000000e+01 2.60000000e+01 4.10000000e+01 3.11200000e+02 2.66600000e+02 1.99300000e+02 2.92000000e+01
 1.80000000e+01 2.60000000e+01 4.30000000e+01 3.11000000e+02 2.66400000e+02 1.99200000e+02 2.92000000e+01
 1.80000000e+01 2.60000000e+01 4.50000000e+01 3.10900000e+02 2.66300000e+02 1.99100000e+02 2.92000000e+01
 1.80000000e+01 2.60000000e+01 4.70000000e+01 3.10700000e+02 2.66100000e+02 1.99000000e+02 2.92000000e+01
 1.80000000e+01 2.60000000e+01 4.90000000e+01 3.10500000e+02 2.66000000e+02 1.98900000e+02 2.92000000e+01
 1.80000000e+01 2.60000000e+01 5.10000000e+01 3.10300000e+02 2.65800000e+02 1.98800000e+02 2.92000000e+01
 1.80000000e+01 2.60000000e+01 5.30000000e+01 3.10300000e+02 2.65700000e+02 1.98600000e+02 2.92000000e+01
 1.80000000e+01 2.60000000e+01 5.50000000e+01 3.10100000e+02 2.65500000e+02 1.98500000e+02 2.91000000e+01
 1.80000000e+01 2.60000000e+01 5.70000000e+01 3.09900000e+02 2.65300000e+02 1.98400000e+02 2.91000000e+01
 1.80000000e+01 2.60000000e+01 5.90000000e+01 3.09700000e+02 2.65200000e+02 1.98300000e+02 2.91000000e+01
 1.80000000e+01 2.70000000e+01 1.00000000e+00 3.09600000e+02 2.65000000e+02 1.98200000e+02 2.91000000e+01
 1.80000000e+01 2.70000000e+01 3.00000000e+00 3.09400000e+02 2.64900000e+02 1.98200000e+02 2.91000000e+01
 1.80000000e+01 2.70000000e+01 5.00000000e+00 3.09200000e+02 2.64700000e+02 1.98000000e+02 2.91000000e+01
 1.80000000e+01 2.70000000e+01 7.00000000e+00 3.09000000e+02 2.64600000e+02 1.97900000e+02 2.91000000e+01
 1.80000000e+01 2.70000000e+01 9.00000000e+00 3.08900000e+02 2.64400000e+02 1.97800000e+02 2.91000000e+01
 1.80000000e+01 2.70000000e+01 1.10000000e+01 3.08700000e+02 2.64200000e+02 1.97700000e+02 2.91000000e+01
 1.80000000e+01 2.70000000e+01 1.30000000e+01 3.08500000e+02 2.64100000e+02 1.97600000e+02 2.91000000e+01
 1.80000000e+01 2.70000000e+01 1.50000000e+01 3.08300000e+02 2.63900000e+02 1.97500000e+02 2.91000000e+01
 1.80000000e+01 2.70000000e+01 1.70000000e+01 3.08100000e+02 2.63800000e+02 1.97400000e+02 2.91000000e+01
 1.80000000e+01 2.70000000e+01 1.90000000e+01 3.08000000e+02 2.63600000e+02 1.97300000e+02 2.91000000e+01
 1.80000000e+01 2.70000000e+01 2.10000000e+01 3.07900000e+02 2.63500000e+02 1.97200000e+02 2.91000000e+01
 1.80000000e+01 2.70000000e+01 2.30000000e+01 3.07700000e+02 2.63400000e+02 1.97100000e+02 2.91000000e+01
 1.80000000e+01 2.70000000e+01 2.50000000e+01 3.07500000e+02 2.63200000e+02 1.97000000e+02 2.91000000e+01
 1.80000000e+01 2.70000000e+01 2.70000000e+01 3.07300000e+02 2.63100000e+02 1.96900000e+02 2.91000000e+01
 1.80000000e+01 2.70000000e+01 2.90000000e+01 3.07200000e+02 2.62900000e+02 1.96800000e+02 2.91000000e+01
 1.80000000e+01 2.70000000e+01 3.10000000e+01 3.07000000e+02 2.62800000e+02 1.96800000e+02 2.91000000e+01
 1.80000000e+01 2.70000000e+01 3.30000000e+01 3.06800000e+02 2.62600000e+02 1.96700000e+02 2.91000000e+01
 1.80000000e+01 2.70000000e+01 3.50000000e+01 3.06600000e+02 2.62400000e+02 1.96500000e+02 2.91000000e+01
 1.80000000e+01 2.70000000e+01 3.70000000e+01 3.06500000e+02 2.62300000e+02 1.96400000e+02 2.91000000e+01
 1.80000000e+01 2.70000000e+01 3.90000000e+01 3.06300000e+02 2.62100000e+02 1.96300000e+02 2.92000000e+01
 1.80000000e+01 2.70000000e+01 4.10000000e+01 3.06100000e+02 2.62000000e+02 1.96200000e+02 2.92000000e+01
 1.80000000e+01 2.70000000e+01 4.30000000e+01 3.05900000e+02 2.61800000e+02 1.96100000e+02 2.92000000e+01
 1.80000000e+01 2.70000000e+01 4.50000000e+01 3.05800000e+02 2.61700000e+02 1.96000000e+02 2.93000000e+01
 1.80000000e+01 2.70000000e+01 4.70000000e+01 3.05600000e+02 2.61600000e+02 1.95900000e+02 2.93000000e+01
 1.80000000e+01 2.70000000e+01 4.90000000e+01 3.05400000e+02 2.61400000e+02 1.95800000e+02 2.93000000e+01
 1.80000000e+01 2.70000000e+01 5.10000000e+01 3.05200000e+02 2.61300000e+02 1.95700000e+02 2.93000000e+01
 1.80000000e+01 2.70000000e+01 5.30000000e+01 3.05100000e+02 2.61100000e+02 1.95600000e+02 2.92000000e+01
 1.80000000e+01 2.70000000e+01 5.50000000e+01 3.04900000e+02 2.61000000e+02 1.95500000e+02 2.92000000e+01
 1.80000000e+01 2.70000000e+01 5.70000000e+01 3.04800000e+02 2.60800000e+02 1.95500000e+02 2.92000000e+01
 1.80000000e+01 2.70000000e+01 5.90000000e+01 3.04700000e+02 2.60700000e+02 1.95400000e+02 2.92000000e+01
 1.80000000e+01 2.80000000e+01 1.00000000e+00 3.04500000e+02 2.60600000e+02 1.95300000e+02 2.92000000e+01
 1.80000000e+01 2.80000000e+01 3.00000000e+00 3.04300000e+02 2.60400000e+02 1.95200000e+02 2.92000000e+01
 1.80000000e+01 2.80000000e+01 5.00000000e+00 3.04100000e+02 2.60200000e+02 1.95100000e+02 2.92000000e+01
 1.80000000e+01 2.80000000e+01 7.00000000e+00 3.04000000e+02 2.60100000e+02 1.95000000e+02 2.92000000e+01
 1.80000000e+01 2.80000000e+01 9.00000000e+00 3.03800000e+02 2.60000000e+02 1.94900000e+02 2.92000000e+01
 1.80000000e+01 2.80000000e+01 1.10000000e+01 3.03700000e+02 2.59800000e+02 1.94800000e+02 2.92000000e+01
 1.80000000e+01 2.80000000e+01 1.30000000e+01 3.03500000e+02 2.59600000e+02 1.94700000e+02 2.92000000e+01
 1.80000000e+01 2.80000000e+01 1.50000000e+01 3.03300000e+02 2.59600000e+02 1.94700000e+02 2.92000000e+01
 1.80000000e+01 2.80000000e+01 1.70000000e+01 3.03100000e+02 2.59400000e+02 1.94600000e+02 2.93000000e+01
 1.80000000e+01 2.80000000e+01 1.90000000e+01 3.03000000e+02 2.59300000e+02 1.94500000e+02 2.92000000e+01
 1.80000000e+01 2.80000000e+01 2.10000000e+01 3.02800000e+02 2.59100000e+02 1.94400000e+02 2.92000000e+01
 1.80000000e+01 2.80000000e+01 2.30000000e+01 3.02700000e+02 2.59000000e+02 1.94300000e+02 2.92000000e+01
 1.80000000e+01 2.80000000e+01 2.50000000e+01 3.02500000e+02 2.58800000e+02 1.94200000e+02 2.92000000e+01
 1.80000000e+01 2.80000000e+01 2.70000000e+01 3.02300000e+02 2.58700000e+02 1.94100000e+02 2.93000000e+01
 1.80000000e+01 2.80000000e+01 2.90000000e+01 3.02200000e+02 2.58500000e+02 1.94000000e+02 2.93000000e+01
 1.80000000e+01 2.80000000e+01 3.10000000e+01 3.02000000e+02 2.58400000e+02 1.93900000e+02 2.93000000e+01
 1.80000000e+01 2.80000000e+01 3.30000000e+01 3.01800000e+02 2.58200000e+02 1.93900000e+02 2.93000000e+01
 1.80000000e+01 2.80000000e+01 3.50000000e+01 3.01600000e+02 2.58100000e+02 1.93800000e+02 2.93000000e+01
 1.80000000e+01 2.80000000e+01 3.70000000e+01 3.01500000e+02 2.57900000e+02 1.93700000e+02 2.93000000e+01
 1.80000000e+01 2.80000000e+01 3.90000000e+01 3.01300000e+02 2.57800000e+02 1.93500000e+02 2.93000000e+01
 1.80000000e+01 2.80000000e+01 4.10000000e+01 3.01100000e+02 2.57600000e+02 1.93400000e+02 2.93000000e+01
 1.80000000e+01 2.80000000e+01 4.30000000e+01 3.01000000e+02 2.57500000e+02 1.93300000e+02 2.93000000e+01
 1.80000000e+01 2.80000000e+01 4.50000000e+01 3.00800000e+02 2.57300000e+02 1.93200000e+02 2.93000000e+01
 1.80000000e+01 2.80000000e+01 4.70000000e+01 3.00600000e+02 2.57100000e+02 1.93100000e+02 2.93000000e+01
 1.80000000e+01 2.80000000e+01 4.90000000e+01 3.00400000e+02 2.57000000e+02 1.93000000e+02 2.93000000e+01
 1.80000000e+01 2.80000000e+01 5.10000000e+01 3.00400000e+02 2.56900000e+02 1.92900000e+02 2.93000000e+01
 1.80000000e+01 2.80000000e+01 5.30000000e+01 3.00200000e+02 2.56800000e+02 1.92800000e+02 2.93000000e+01
 1.80000000e+01 2.80000000e+01 5.50000000e+01 3.00000000e+02 2.56600000e+02 1.92700000e+02 2.93000000e+01
 1.80000000e+01 2.80000000e+01 5.70000000e+01 2.99800000e+02 2.56500000e+02 1.92600000e+02 2.93000000e+01
 1.80000000e+01 2.80000000e+01 5.90000000e+01 2.99700000e+02 2.56300000e+02 1.92500000e+02 2.92000000e+01
 1.80000000e+01 2.90000000e+01 1.00000000e+00 2.99500000e+02 2.56200000e+02 1.92500000e+02 2.92000000e+01
 1.80000000e+01 2.90000000e+01 3.00000000e+00 2.99300000e+02 2.56000000e+02 1.92400000e+02 2.92000000e+01
 1.80000000e+01 2.90000000e+01 5.00000000e+00 2.99200000e+02 2.55900000e+02 1.92300000e+02 2.92000000e+01
 1.80000000e+01 2.90000000e+01 7.00000000e+00 2.99000000e+02 2.55700000e+02 1.92200000e+02 2.92000000e+01
 1.80000000e+01 2.90000000e+01 9.00000000e+00 2.98800000e+02 2.55600000e+02 1.92100000e+02 2.92000000e+01
 1.80000000e+01 2.90000000e+01 1.10000000e+01 2.98600000e+02 2.55400000e+02 1.92000000e+02 2.92000000e+01
 1.80000000e+01 2.90000000e+01 1.30000000e+01 2.98500000e+02 2.55300000e+02 1.91900000e+02 2.92000000e+01
 1.80000000e+01 2.90000000e+01 1.50000000e+01 2.98300000e+02 2.55100000e+02 1.91800000e+02 2.92000000e+01
 1.80000000e+01 2.90000000e+01 1.70000000e+01 2.98100000e+02 2.55000000e+02 1.91700000e+02 2.92000000e+01
 1.80000000e+01 2.90000000e+01 1.90000000e+01 2.98000000e+02 2.54900000e+02 1.91600000e+02 2.92000000e+01
 1.80000000e+01 2.90000000e+01 2.10000000e+01 2.97800000e+02 2.54700000e+02 1.91500000e+02 2.92000000e+01
 1.80000000e+01 2.90000000e+01 2.30000000e+01 2.97600000e+02 2.54600000e+02 1.91400000e+02 2.92000000e+01
 1.80000000e+01 2.90000000e+01 2.50000000e+01 2.97400000e+02 2.54400000e+02 1.91300000e+02 2.92000000e+01
 1.80000000e+01 2.90000000e+01 2.70000000e+01 2.97300000e+02 2.54300000e+02 1.91200000e+02 2.92000000e+01
 1.80000000e+01 2.90000000e+01 2.90000000e+01 2.97100000e+02 2.54200000e+02 1.91100000e+02 2.93000000e+01
 1.80000000e+01 2.90000000e+01 3.10000000e+01 2.97000000e+02 2.54000000e+02 1.91000000e+02 2.93000000e+01
 1.80000000e+01 2.90000000e+01 3.30000000e+01 2.96800000e+02 2.53900000e+02 1.90900000e+02 2.93000000e+01
 1.80000000e+01 2.90000000e+01 3.50000000e+01 2.96600000e+02 2.53700000e+02 1.90800000e+02 2.93000000e+01
 1.80000000e+01 2.90000000e+01 3.70000000e+01 2.96400000e+02 2.53600000e+02 1.90700000e+02 2.93000000e+01
 1.80000000e+01 2.90000000e+01 3.90000000e+01 2.96300000e+02 2.53400000e+02 1.90600000e+02 2.92000000e+01
 1.80000000e+01 2.90000000e+01 4.10000000e+01 2.96100000e+02 2.53300000e+02 1.90500000e+02 2.92000000e+01
 1.80000000e+01 2.90000000e+01 4.30000000e+01 2.95900000e+02 2.53100000e+02 1.90400000e+02 2.92000000e+01
 1.80000000e+01 2.90000000e+01 4.50000000e+01 2.95800000e+02 2.53000000e+02 1.90300000e+02 2.92000000e+01
 1.80000000e+01 2.90000000e+01 4.70000000e+01 2.95600000e+02 2.52900000e+02 1.90200000e+02 2.92000000e+01
 1.80000000e+01 2.90000000e+01 4.90000000e+01 2.95400000e+02 2.52800000e+02 1.90100000e+02 2.92000000e+01
 1.80000000e+01 2.90000000e+01 5.10000000e+01 2.95300000e+02 2.52600000e+02 1.90000000e+02 2.92000000e+01
 1.80000000e+01 2.90000000e+01 5.30000000e+01 2.95200000e+02 2.52500000e+02 1.89900000e+02 2.92000000e+01
 1.80000000e+01 2.90000000e+01 5.50000000e+01 2.95000000e+02 2.52300000e+02 1.89800000e+02 2.92000000e+01
 1.80000000e+01 2.90000000e+01 5.70000000e+01 2.94800000e+02 2.52200000e+02 1.89700000e+02 2.92000000e+01
 1.80000000e+01 2.90000000e+01 5.90000000e+01 2.94700000e+02 2.52000000e+02 1.89600000e+02 2.92000000e+01
 1.80000000e+01 3.00000000e+01 1.00000000e+00 2.94500000e+02 2.51900000e+02 1.89500000e+02 2.92000000e+01
 1.80000000e+01 3.00000000e+01 3.00000000e+00 2.94300000e+02 2.51700000e+02 1.89500000e+02 2.92000000e+01
 1.80000000e+01 3.00000000e+01 5.00000000e+00 2.94100000e+02 2.51600000e+02 1.89400000e+02 2.92000000e+01
 1.80000000e+01 3.00000000e+01 7.00000000e+00 2.94000000e+02 2.51400000e+02 1.89300000e+02 2.92000000e+01
 1.80000000e+01 3.00000000e+01 9.00000000e+00 2.93800000e+02 2.51300000e+02 1.89200000e+02 2.92000000e+01
 1.80000000e+01 3.00000000e+01 1.10000000e+01 2.93600000e+02 2.51200000e+02 1.89100000e+02 2.92000000e+01
 1.80000000e+01 3.00000000e+01 1.30000000e+01 2.93500000e+02 2.51000000e+02 1.89000000e+02 2.92000000e+01
 1.80000000e+01 3.00000000e+01 1.50000000e+01 2.93300000e+02 2.50900000e+02 1.88900000e+02 2.92000000e+01
 1.80000000e+01 3.00000000e+01 1.70000000e+01 2.93100000e+02 2.50700000e+02 1.88800000e+02 2.92000000e+01
 1.80000000e+01 3.00000000e+01 1.90000000e+01 2.92900000e+02 2.50600000e+02 1.88700000e+02 2.92000000e+01
 1.80000000e+01 3.00000000e+01 2.10000000e+01 2.92900000e+02 2.50500000e+02 1.88600000e+02 2.92000000e+01
 1.80000000e+01 3.00000000e+01 2.30000000e+01 2.92700000e+02 2.50300000e+02 1.88500000e+02 2.92000000e+01
 1.80000000e+01 3.00000000e+01 2.50000000e+01 2.92500000e+02 2.50200000e+02 1.88400000e+02 2.92000000e+01
 1.80000000e+01 3.00000000e+01 2.70000000e+01 2.92300000e+02 2.50100000e+02 1.88300000e+02 2.92000000e+01
 1.80000000e+01 3.00000000e+01 2.90000000e+01 2.92200000e+02 2.49900000e+02 1.88200000e+02 2.92000000e+01
 1.80000000e+01 3.00000000e+01 3.10000000e+01 2.92000000e+02 2.49800000e+02 1.88200000e+02 2.92000000e+01
 1.80000000e+01 3.00000000e+01 3.30000000e+01 2.91800000e+02 2.49600000e+02 1.88100000e+02 2.92000000e+01
 1.80000000e+01 3.00000000e+01 3.50000000e+01 2.91700000e+02 2.49500000e+02 1.88000000e+02 2.92000000e+01
 1.80000000e+01 3.00000000e+01 3.70000000e+01 2.91500000e+02 2.49300000e+02 1.87900000e+02 2.92000000e+01
 1.80000000e+01 3.00000000e+01 3.90000000e+01 2.91300000e+02 2.49200000e+02 1.87800000e+02 2.92000000e+01
 1.80000000e+01 3.00000000e+01 4.10000000e+01 2.91200000e+02 2.49000000e+02 1.87700000e+02 2.92000000e+01
 1.80000000e+01 3.00000000e+01 4.30000000e+01 2.91000000e+02 2.48900000e+02 1.87600000e+02 2.92000000e+01
 1.80000000e+01 3.00000000e+01 4.50000000e+01 2.90800000e+02 2.48700000e+02 1.87500000e+02 2.92000000e+01
 1.80000000e+01 3.00000000e+01 4.70000000e+01 2.90700000e+02 2.48700000e+02 1.87400000e+02 2.92000000e+01
 1.80000000e+01 3.00000000e+01 4.90000000e+01 2.90500000e+02 2.48500000e+02 1.87300000e+02 2.92000000e+01
 1.80000000e+01 3.00000000e+01 5.10000000e+01 2.90300000e+02 2.48400000e+02 1.87200000e+02 2.92000000e+01
 1.80000000e+01 3.00000000e+01 5.30000000e+01 2.90100000e+02 2.48200000e+02 1.87100000e+02 2.92000000e+01
 1.80000000e+01 3.00000000e+01 5.50000000e+01 2.90100000e+02 2.48100000e+02 1.87100000e+02 2.92000000e+01
 1.80000000e+01 3.00000000e+01 5.70000000e+01 2.89900000e+02 2.47900000e+02 1.87000000e+02 2.92000000e+01
 1.80000000e+01 3.00000000e+01 5.90000000e+01 2.89700000e+02 2.47800000e+02 1.86900000e+02 2.92000000e+01
 1.80000000e+01 3.10000000e+01 1.00000000e+00 2.89500000e+02 2.47600000e+02 1.86800000e+02 2.92000000e+01
 1.80000000e+01 3.10000000e+01 3.00000000e+00 2.89400000e+02 2.47500000e+02 1.86700000e+02 2.92000000e+01
 1.80000000e+01 3.10000000e+01 5.00000000e+00 2.89200000e+02 2.47300000e+02 1.86600000e+02 2.92000000e+01
 1.80000000e+01 3.10000000e+01 7.00000000e+00 2.89100000e+02 2.47200000e+02 1.86500000e+02 2.92000000e+01
 1.80000000e+01 3.10000000e+01 9.00000000e+00 2.88900000e+02 2.47100000e+02 1.86400000e+02 2.92000000e+01
 1.80000000e+01 3.10000000e+01 1.10000000e+01 2.88700000e+02 2.46900000e+02 1.86300000e+02 2.92000000e+01
 1.80000000e+01 3.10000000e+01 1.30000000e+01 2.88500000e+02 2.46800000e+02 1.86200000e+02 2.92000000e+01
 1.80000000e+01 3.10000000e+01 1.50000000e+01 2.88400000e+02 2.46700000e+02 1.86100000e+02 2.92000000e+01
 1.80000000e+01 3.10000000e+01 1.70000000e+01 2.88200000e+02 2.46600000e+02 1.86000000e+02 2.92000000e+01
 1.80000000e+01 3.10000000e+01 1.90000000e+01 2.88000000e+02 2.46400000e+02 1.85900000e+02 2.92000000e+01
 1.80000000e+01 3.10000000e+01 2.10000000e+01 2.87900000e+02 2.46300000e+02 1.85900000e+02 2.92000000e+01
 1.80000000e+01 4.40000000e+01 1.00000000e+00 2.32100000e+02 1.99900000e+02 1.55000000e+02 2.87000000e+01
 1.80000000e+01 4.40000000e+01 3.00000000e+00 2.32000000e+02 1.99800000e+02 1.55000000e+02 2.87000000e+01
 1.80000000e+01 4.40000000e+01 5.00000000e+00 2.31800000e+02 1.99700000e+02 1.54900000e+02 2.87000000e+01
 1.80000000e+01 4.40000000e+01 7.00000000e+00 2.31700000e+02 1.99700000e+02 1.54900000e+02 2.87000000e+01
 1.80000000e+01 4.40000000e+01 9.00000000e+00 2.31600000e+02 1.99600000e+02 1.54800000e+02 2.87000000e+01
 1.80000000e+01 4.40000000e+01 1.10000000e+01 2.31400000e+02 1.99500000e+02 1.54700000e+02 2.87000000e+01
 1.80000000e+01 4.40000000e+01 1.30000000e+01 2.31300000e+02 1.99300000e+02 1.54600000e+02 2.87000000e+01
 1.80000000e+01 4.40000000e+01 1.50000000e+01 2.31200000e+02 1.99200000e+02 1.54600000e+02 2.87000000e+01
 1.80000000e+01 4.40000000e+01 1.70000000e+01 2.31100000e+02 1.99100000e+02 1.54500000e+02 2.87000000e+01
 1.80000000e+01 4.40000000e+01 1.90000000e+01 2.31000000e+02 1.99000000e+02 1.54400000e+02 2.88000000e+01
 1.80000000e+01 4.40000000e+01 2.10000000e+01 2.30900000e+02 1.98900000e+02 1.54300000e+02 2.88000000e+01
 1.80000000e+01 4.40000000e+01 2.30000000e+01 2.30700000e+02 1.98800000e+02 1.54200000e+02 2.88000000e+01
 1.80000000e+01 4.40000000e+01 2.50000000e+01 2.30600000e+02 1.98700000e+02 1.54200000e+02 2.88000000e+01
 1.80000000e+01 4.40000000e+01 2.70000000e+01 2.30400000e+02 1.98600000e+02 1.54100000e+02 2.88000000e+01
 1.80000000e+01 4.40000000e+01 2.90000000e+01 2.30300000e+02 1.98500000e+02 1.54000000e+02 2.88000000e+01
 1.80000000e+01 4.40000000e+01 3.10000000e+01 2.30100000e+02 1.98400000e+02 1.53900000e+02 2.88000000e+01
 1.80000000e+01 4.40000000e+01 3.30000000e+01 2.30000000e+02 1.98300000e+02 1.53900000e+02 2.88000000e+01
 1.80000000e+01 4.40000000e+01 3.50000000e+01 2.29900000e+02 1.98200000e+02 1.53800000e+02 2.89000000e+01
 1.80000000e+01 4.40000000e+01 3.70000000e+01 2.29700000e+02 1.98100000e+02 1.53700000e+02 2.89000000e+01
 1.80000000e+01 4.40000000e+01 3.90000000e+01 2.29600000e+02 1.98000000e+02 1.53700000e+02 2.89000000e+01
 1.80000000e+01 4.40000000e+01 4.10000000e+01 2.29500000e+02 1.97900000e+02 1.53600000e+02 2.89000000e+01
 1.80000000e+01 4.40000000e+01 4.30000000e+01 2.29400000e+02 1.97800000e+02 1.53500000e+02 2.89000000e+01
 1.80000000e+01 4.40000000e+01 4.50000000e+01 2.29300000e+02 1.97700000e+02 1.53400000e+02 2.89000000e+01
 1.80000000e+01 4.40000000e+01 4.70000000e+01 2.29200000e+02 1.97500000e+02 1.53400000e+02 2.89000000e+01
 1.80000000e+01 4.40000000e+01 4.90000000e+01 2.29000000e+02 1.97400000e+02 1.53300000e+02 2.89000000e+01
 1.80000000e+01 4.40000000e+01 5.10000000e+01 2.28900000e+02 1.97300000e+02 1.53300000e+02 2.89000000e+01
 1.80000000e+01 4.40000000e+01 5.30000000e+01 2.28800000e+02 1.97200000e+02 1.53200000e+02 2.89000000e+01
 1.80000000e+01 4.40000000e+01 5.50000000e+01 2.28600000e+02 1.97100000e+02 1.53100000e+02 2.89000000e+01
 1.80000000e+01 4.40000000e+01 5.70000000e+01 2.28500000e+02 1.97000000e+02 1.53100000e+02 2.89000000e+01
 1.80000000e+01 4.40000000e+01 5.90000000e+01 2.28400000e+02 1.96900000e+02 1.53000000e+02 2.89000000e+01
 1.80000000e+01 4.50000000e+01 1.00000000e+00 2.28200000e+02 1.96800000e+02 1.52900000e+02 2.89000000e+01
 1.80000000e+01 4.50000000e+01 3.00000000e+00 2.28100000e+02 1.96700000e+02 1.52900000e+02 2.89000000e+01
 1.80000000e+01 4.50000000e+01 5.00000000e+00 2.28000000e+02 1.96600000e+02 1.52800000e+02 2.89000000e+01
 1.80000000e+01 4.50000000e+01 7.00000000e+00 2.27900000e+02 1.96500000e+02 1.52700000e+02 2.89000000e+01
 1.80000000e+01 4.50000000e+01 9.00000000e+00 2.27800000e+02 1.96400000e+02 1.52700000e+02 2.89000000e+01
 1.80000000e+01 4.50000000e+01 1.10000000e+01 2.27700000e+02 1.96300000e+02 1.52600000e+02 2.89000000e+01
 1.80000000e+01 4.50000000e+01 1.30000000e+01 2.27500000e+02 1.96200000e+02 1.52500000e+02 2.89000000e+01
 1.80000000e+01 4.50000000e+01 1.50000000e+01 2.27400000e+02 1.96100000e+02 1.52400000e+02 2.89000000e+01
 1.80000000e+01 4.50000000e+01 1.70000000e+01 2.27300000e+02 1.96000000e+02 1.52400000e+02 2.89000000e+01
 1.80000000e+01 4.50000000e+01 1.90000000e+01 2.27100000e+02 1.95900000e+02 1.52300000e+02 2.89000000e+01
 1.80000000e+01 4.50000000e+01 2.10000000e+01 2.27000000e+02 1.95800000e+02 1.52200000e+02 2.89000000e+01
 1.80000000e+01 4.50000000e+01 2.30000000e+01 2.26900000e+02 1.95700000e+02 1.52200000e+02 2.89000000e+01
 1.80000000e+01 4.50000000e+01 2.50000000e+01 2.26700000e+02 1.95600000e+02 1.52100000e+02 2.89000000e+01
 1.80000000e+01 4.50000000e+01 2.70000000e+01 2.26600000e+02 1.95500000e+02 1.52000000e+02 2.89000000e+01
 1.80000000e+01 4.50000000e+01 2.90000000e+01 2.26500000e+02 1.95400000e+02 1.52000000e+02 2.89000000e+01
 1.80000000e+01 4.50000000e+01 3.10000000e+01 2.26300000e+02 1.95200000e+02 1.51900000e+02 2.89000000e+01
 1.80000000e+01 4.50000000e+01 3.30000000e+01 2.26200000e+02 1.95100000e+02 1.51800000e+02 2.89000000e+01
 1.80000000e+01 4.50000000e+01 3.50000000e+01 2.26100000e+02 1.95000000e+02 1.51600000e+02 2.89000000e+01
 1.80000000e+01 4.50000000e+01 3.70000000e+01 2.26000000e+02 1.95000000e+02 1.51500000e+02 2.89000000e+01
 1.80000000e+01 4.50000000e+01 3.90000000e+01 2.25800000e+02 1.94900000e+02 1.51500000e+02 2.89000000e+01
 1.80000000e+01 4.50000000e+01 4.10000000e+01 2.25700000e+02 1.94800000e+02 1.51500000e+02 2.89000000e+01
 1.80000000e+01 4.50000000e+01 4.30000000e+01 2.25500000e+02 1.94700000e+02 1.51400000e+02 2.89000000e+01
 1.80000000e+01 4.50000000e+01 4.50000000e+01 2.25500000e+02 1.94600000e+02 1.51400000e+02 2.90000000e+01
 1.80000000e+01 4.50000000e+01 4.70000000e+01 2.25300000e+02 1.94500000e+02 1.51400000e+02 2.90000000e+01
 1.80000000e+01 4.50000000e+01 4.90000000e+01 2.25200000e+02 1.94400000e+02 1.51300000e+02 2.90000000e+01
 1.80000000e+01 4.50000000e+01 5.10000000e+01 2.25100000e+02 1.94300000e+02 1.51200000e+02 2.90000000e+01
 1.80000000e+01 4.50000000e+01 5.30000000e+01 2.25000000e+02 1.94200000e+02 1.51100000e+02 2.90000000e+01
 1.80000000e+01 4.50000000e+01 5.50000000e+01 2.24800000e+02 1.94100000e+02 1.51100000e+02 2.90000000e+01
 1.80000000e+01 4.50000000e+01 5.70000000e+01 2.24700000e+02 1.93900000e+02 1.51000000e+02 2.90000000e+01
 1.80000000e+01 4.50000000e+01 5.90000000e+01 2.24600000e+02 1.93800000e+02 1.50900000e+02 2.90000000e+01
 1.80000000e+01 4.60000000e+01 1.00000000e+00 2.24500000e+02 1.93700000e+02 1.50800000e+02 2.90000000e+01
 1.80000000e+01 4.60000000e+01 3.00000000e+00 2.24300000e+02 1.93700000e+02 1.50800000e+02 2.90000000e+01
 1.80000000e+01 4.60000000e+01 5.00000000e+00 2.24200000e+02 1.93600000e+02 1.50700000e+02 2.90000000e+01
 1.80000000e+01 4.60000000e+01 7.00000000e+00 2.24100000e+02 1.93500000e+02 1.50600000e+02 2.90000000e+01
 1.80000000e+01 4.60000000e+01 9.00000000e+00 2.23900000e+02 1.93400000e+02 1.50600000e+02 2.90000000e+01
 1.80000000e+01 4.60000000e+01 1.10000000e+01 2.23800000e+02 1.93300000e+02 1.50500000e+02 2.90000000e+01
 1.80000000e+01 4.60000000e+01 1.30000000e+01 2.23700000e+02 1.93200000e+02 1.50400000e+02 2.90000000e+01
 1.80000000e+01 4.60000000e+01 1.50000000e+01 2.23600000e+02 1.93100000e+02 1.50400000e+02 2.90000000e+01
 1.80000000e+01 4.60000000e+01 1.70000000e+01 2.23500000e+02 1.92900000e+02 1.50300000e+02 2.89000000e+01
 1.80000000e+01 4.60000000e+01 1.90000000e+01 2.23300000e+02 1.92800000e+02 1.50200000e+02 2.89000000e+01
 1.80000000e+01 4.60000000e+01 2.10000000e+01 2.23200000e+02 1.92700000e+02 1.50200000e+02 2.89000000e+01
 1.80000000e+01 4.60000000e+01 2.30000000e+01 2.23100000e+02 1.92600000e+02 1.50100000e+02 2.89000000e+01
 1.80000000e+01 4.60000000e+01 2.50000000e+01 2.23000000e+02 1.92500000e+02 1.50000000e+02 2.89000000e+01
 1.80000000e+01 4.60000000e+01 2.70000000e+01 2.22800000e+02 1.92400000e+02 1.50000000e+02 2.89000000e+01
 1.80000000e+01 4.60000000e+01 2.90000000e+01 2.22700000e+02 1.92300000e+02 1.49900000e+02 2.89000000e+01
 1.80000000e+01 4.60000000e+01 3.10000000e+01 2.22600000e+02 1.92200000e+02 1.49900000e+02 2.89000000e+01
 1.80000000e+01 4.60000000e+01 3.30000000e+01 2.22400000e+02 1.92100000e+02 1.49800000e+02 2.89000000e+01
 1.80000000e+01 4.60000000e+01 3.50000000e+01 2.22300000e+02 1.92000000e+02 1.49700000e+02 2.89000000e+01
 1.80000000e+01 4.60000000e+01 3.70000000e+01 2.22200000e+02 1.91900000e+02 1.49700000e+02 2.89000000e+01
 1.80000000e+01 4.60000000e+01 3.90000000e+01 2.22100000e+02 1.91900000e+02 1.49600000e+02 2.90000000e+01
 1.80000000e+01 4.60000000e+01 4.10000000e+01 2.22000000e+02 1.91800000e+02 1.49500000e+02 2.90000000e+01
 1.80000000e+01 4.60000000e+01 4.30000000e+01 2.21900000e+02 1.91700000e+02 1.49400000e+02 2.90000000e+01
 1.80000000e+01 4.60000000e+01 4.50000000e+01 2.21700000e+02 1.91600000e+02 1.49400000e+02 2.90000000e+01
 1.80000000e+01 4.60000000e+01 4.70000000e+01 2.21600000e+02 1.91500000e+02 1.49300000e+02 2.90000000e+01
 1.80000000e+01 4.60000000e+01 4.90000000e+01 2.21500000e+02 1.91400000e+02 1.49200000e+02 2.90000000e+01
 1.80000000e+01 4.60000000e+01 5.10000000e+01 2.21400000e+02 1.91200000e+02 1.49100000e+02 2.90000000e+01
 1.80000000e+01 4.60000000e+01 5.30000000e+01 2.21300000e+02 1.91100000e+02 1.49100000e+02 2.90000000e+01
 1.80000000e+01 4.60000000e+01 5.50000000e+01 2.21100000e+02 1.91000000e+02 1.49000000e+02 2.90000000e+01
 1.80000000e+01 4.60000000e+01 5.70000000e+01 2.21000000e+02 1.90900000e+02 1.48900000e+02 2.90000000e+01
 1.80000000e+01 4.60000000e+01 5.90000000e+01 2.20900000e+02 1.90800000e+02 1.48900000e+02 2.90000000e+01
 1.80000000e+01 4.70000000e+01 1.00000000e+00 2.20700000e+02 1.90700000e+02 1.48800000e+02 2.90000000e+01
 1.80000000e+01 4.70000000e+01 3.00000000e+00 2.20600000e+02 1.90600000e+02 1.48800000e+02 2.90000000e+01
 1.80000000e+01 4.70000000e+01 5.00000000e+00 2.20500000e+02 1.90500000e+02 1.48700000e+02 2.90000000e+01
 1.80000000e+01 4.70000000e+01 7.00000000e+00 2.20300000e+02 1.90500000e+02 1.48600000e+02 2.89000000e+01
 1.80000000e+01 4.70000000e+01 9.00000000e+00 2.20200000e+02 1.90400000e+02 1.48600000e+02 2.89000000e+01
 1.80000000e+01 4.70000000e+01 1.10000000e+01 2.20100000e+02 1.90300000e+02 1.48500000e+02 2.89000000e+01
 1.80000000e+01 4.70000000e+01 1.30000000e+01 2.20000000e+02 1.90200000e+02 1.48400000e+02 2.89000000e+01
 1.80000000e+01 4.70000000e+01 1.50000000e+01 2.19900000e+02 1.90100000e+02 1.48400000e+02 2.90000000e+01
 1.80000000e+01 4.70000000e+01 1.70000000e+01 2.19800000e+02 1.90000000e+02 1.48300000e+02 2.90000000e+01
 1.80000000e+01 4.70000000e+01 1.90000000e+01 2.19700000e+02 1.89900000e+02 1.48200000e+02 2.90000000e+01
 1.80000000e+01 4.70000000e+01 2.10000000e+01 2.19500000e+02 1.89800000e+02 1.48200000e+02 2.90000000e+01
 1.80000000e+01 4.70000000e+01 2.30000000e+01 2.19400000e+02 1.89700000e+02 1.48100000e+02 2.90000000e+01
 1.80000000e+01 4.70000000e+01 2.50000000e+01 2.19300000e+02 1.89600000e+02 1.48100000e+02 2.90000000e+01
 1.80000000e+01 4.70000000e+01 2.70000000e+01 2.19200000e+02 1.89500000e+02 1.48000000e+02 2.90000000e+01
 1.80000000e+01 4.70000000e+01 2.90000000e+01 2.19000000e+02 1.89400000e+02 1.47900000e+02 2.90000000e+01
 1.80000000e+01 4.70000000e+01 3.10000000e+01 2.18900000e+02 1.89300000e+02 1.47800000e+02 2.90000000e+01
 1.80000000e+01 4.70000000e+01 3.30000000e+01 2.18800000e+02 1.89200000e+02 1.47700000e+02 2.90000000e+01
 1.80000000e+01 4.70000000e+01 3.50000000e+01 2.18600000e+02 1.89100000e+02 1.47600000e+02 2.90000000e+01
 1.80000000e+01 4.70000000e+01 3.70000000e+01 2.18500000e+02 1.89000000e+02 1.47600000e+02 2.90000000e+01
 1.80000000e+01 4.70000000e+01 3.90000000e+01 2.18400000e+02 1.88900000e+02 1.47600000e+02 2.89000000e+01
 1.80000000e+01 4.70000000e+01 4.10000000e+01 2.18300000e+02 1.88800000e+02 1.47500000e+02 2.89000000e+01
 1.80000000e+01 4.70000000e+01 4.30000000e+01 2.18200000e+02 1.88700000e+02 1.47400000e+02 2.89000000e+01
 1.80000000e+01 4.70000000e+01 4.50000000e+01 2.18100000e+02 1.88600000e+02 1.47400000e+02 2.89000000e+01
 1.80000000e+01 4.70000000e+01 4.70000000e+01 2.18000000e+02 1.88500000e+02 1.47300000e+02 2.89000000e+01
 1.80000000e+01 4.70000000e+01 4.90000000e+01 2.17800000e+02 1.88400000e+02 1.47200000e+02 2.89000000e+01
 1.80000000e+01 4.70000000e+01 5.10000000e+01 2.17700000e+02 1.88300000e+02 1.47200000e+02 2.89000000e+01
 1.80000000e+01 4.70000000e+01 5.30000000e+01 2.17600000e+02 1.88200000e+02 1.47100000e+02 2.89000000e+01
 1.80000000e+01 4.70000000e+01 5.50000000e+01 2.17400000e+02 1.88100000e+02 1.47000000e+02 2.89000000e+01
 1.80000000e+01 4.70000000e+01 5.70000000e+01 2.17300000e+02 1.88000000e+02 1.47000000e+02 2.89000000e+01
 1.80000000e+01 4.70000000e+01 5.90000000e+01 2.17200000e+02 1.87900000e+02 1.46900000e+02 2.89000000e+01
 1.80000000e+01 4.80000000e+01 1.00000000e+00 2.17100000e+02 1.87800000e+02 1.46800000e+02 2.89000000e+01
 1.80000000e+01 4.80000000e+01 3.00000000e+00 2.17000000e+02 1.87700000e+02 1.46800000e+02 2.89000000e+01
 1.80000000e+01 4.80000000e+01 5.00000000e+00 2.16900000e+02 1.87600000e+02 1.46700000e+02 2.89000000e+01
 1.80000000e+01 4.80000000e+01 7.00000000e+00 2.16700000e+02 1.87500000e+02 1.46600000e+02 2.89000000e+01
 1.80000000e+01 4.80000000e+01 9.00000000e+00 2.16700000e+02 1.87400000e+02 1.46600000e+02 2.89000000e+01
 1.80000000e+01 4.80000000e+01 1.10000000e+01 2.16500000e+02 1.87300000e+02 1.46500000e+02 2.89000000e+01
 1.80000000e+01 4.80000000e+01 1.30000000e+01 2.16400000e+02 1.87200000e+02 1.46500000e+02 2.89000000e+01
 1.80000000e+01 4.80000000e+01 1.50000000e+01 2.16300000e+02 1.87100000e+02 1.46400000e+02 2.89000000e+01
 1.80000000e+01 4.80000000e+01 1.70000000e+01 2.16200000e+02 1.87000000e+02 1.46300000e+02 2.90000000e+01
 1.80000000e+01 4.80000000e+01 1.90000000e+01 2.16000000e+02 1.86900000e+02 1.46300000e+02 2.90000000e+01
 1.80000000e+01 4.80000000e+01 2.10000000e+01 2.15900000e+02 1.86800000e+02 1.46200000e+02 2.89000000e+01
 1.80000000e+01 4.80000000e+01 2.30000000e+01 2.15800000e+02 1.86700000e+02 1.46200000e+02 2.89000000e+01
 1.80000000e+01 4.80000000e+01 2.50000000e+01 2.15700000e+02 1.86700000e+02 1.46100000e+02 2.89000000e+01
 1.80000000e+01 4.80000000e+01 2.70000000e+01 2.15500000e+02 1.86600000e+02 1.46000000e+02 2.89000000e+01
 1.80000000e+01 4.80000000e+01 2.90000000e+01 2.15400000e+02 1.86500000e+02 1.46000000e+02 2.90000000e+01
 1.80000000e+01 4.80000000e+01 3.10000000e+01 2.15300000e+02 1.86400000e+02 1.45900000e+02 2.90000000e+01
 1.80000000e+01 4.80000000e+01 3.30000000e+01 2.15100000e+02 1.86200000e+02 1.45800000e+02 2.90000000e+01
 1.80000000e+01 4.80000000e+01 3.50000000e+01 2.15000000e+02 1.86100000e+02 1.45700000e+02 2.90000000e+01
 1.80000000e+01 4.80000000e+01 3.70000000e+01 2.14900000e+02 1.86100000e+02 1.45700000e+02 2.90000000e+01
 1.80000000e+01 4.80000000e+01 3.90000000e+01 2.14800000e+02 1.86000000e+02 1.45600000e+02 2.90000000e+01
 1.80000000e+01 4.80000000e+01 4.10000000e+01 2.14700000e+02 1.85900000e+02 1.45500000e+02 2.90000000e+01
 1.80000000e+01 4.80000000e+01 4.30000000e+01 2.14600000e+02 1.85800000e+02 1.45400000e+02 2.90000000e+01
 1.80000000e+01 4.80000000e+01 4.50000000e+01 2.14500000e+02 1.85700000e+02 1.45400000e+02 2.90000000e+01
 1.80000000e+01 4.80000000e+01 4.70000000e+01 2.14400000e+02 1.85600000e+02 1.45300000e+02 2.90000000e+01
 1.80000000e+01 4.80000000e+01 4.90000000e+01 2.14300000e+02 1.85500000e+02 1.45200000e+02 2.90000000e+01
 1.80000000e+01 4.80000000e+01 5.10000000e+01 2.14100000e+02 1.85400000e+02 1.45100000e+02 2.89000000e+01
 1.80000000e+01 4.80000000e+01 5.30000000e+01 2.14000000e+02 1.85300000e+02 1.45000000e+02 2.89000000e+01
 1.80000000e+01 4.80000000e+01 5.50000000e+01 2.13900000e+02 1.85200000e+02 1.45000000e+02 2.89000000e+01
 1.80000000e+01 4.80000000e+01 5.70000000e+01 2.13800000e+02 1.85100000e+02 1.45000000e+02 2.89000000e+01
 1.80000000e+01 4.80000000e+01 5.90000000e+01 2.13600000e+02 1.85000000e+02 1.44900000e+02 2.89000000e+01
 1.80000000e+01 4.90000000e+01 1.00000000e+00 2.13500000e+02 1.84900000e+02 1.44800000e+02 2.89000000e+01
 1.80000000e+01 4.90000000e+01 3.00000000e+00 2.13400000e+02 1.84800000e+02 1.44800000e+02 2.89000000e+01
 1.80000000e+01 4.90000000e+01 5.00000000e+00 2.13300000e+02 1.84800000e+02 1.44700000e+02 2.89000000e+01
 1.80000000e+01 4.90000000e+01 7.00000000e+00 2.13200000e+02 1.84700000e+02 1.44700000e+02 2.89000000e+01
 1.80000000e+01 4.90000000e+01 9.00000000e+00 2.13000000e+02 1.84600000e+02 1.44600000e+02 2.89000000e+01
 1.80000000e+01 4.90000000e+01 1.10000000e+01 2.12900000e+02 1.84500000e+02 1.44500000e+02 2.89000000e+01
 1.80000000e+01 4.90000000e+01 1.30000000e+01 2.12800000e+02 1.84400000e+02 1.44400000e+02 2.89000000e+01
 1.80000000e+01 4.90000000e+01 1.50000000e+01 2.12700000e+02 1.84300000e+02 1.44300000e+02 2.89000000e+01
 1.80000000e+01 4.90000000e+01 1.70000000e+01 2.12600000e+02 1.84200000e+02 1.44200000e+02 2.89000000e+01
 1.80000000e+01 4.90000000e+01 1.90000000e+01 2.12500000e+02 1.84100000e+02 1.44200000e+02 2.89000000e+01
 1.80000000e+01 4.90000000e+01 2.10000000e+01 2.12400000e+02 1.84000000e+02 1.44200000e+02 2.89000000e+01
 1.80000000e+01 4.90000000e+01 2.30000000e+01 2.12300000e+02 1.83900000e+02 1.44100000e+02 2.89000000e+01
 1.80000000e+01 4.90000000e+01 2.50000000e+01 2.12100000e+02 1.83800000e+02 1.44000000e+02 2.89000000e+01
 1.80000000e+01 4.90000000e+01 2.70000000e+01 2.12000000e+02 1.83700000e+02 1.44000000e+02 2.89000000e+01
 1.80000000e+01 4.90000000e+01 2.90000000e+01 2.11900000e+02 1.83600000e+02 1.43900000e+02 2.89000000e+01
 1.80000000e+01 4.90000000e+01 3.10000000e+01 2.11800000e+02 1.83500000e+02 1.43800000e+02 2.89000000e+01
 1.80000000e+01 4.90000000e+01 3.30000000e+01 2.11700000e+02 1.83400000e+02 1.43800000e+02 2.89000000e+01
 1.80000000e+01 4.90000000e+01 3.50000000e+01 2.11500000e+02 1.83300000e+02 1.43700000e+02 2.89000000e+01
 1.80000000e+01 4.90000000e+01 3.70000000e+01 2.11400000e+02 1.83200000e+02 1.43600000e+02 2.89000000e+01
 1.80000000e+01 4.90000000e+01 3.90000000e+01 2.11400000e+02 1.83200000e+02 1.43500000e+02 2.89000000e+01
 1.80000000e+01 4.90000000e+01 4.10000000e+01 2.11200000e+02 1.83100000e+02 1.43500000e+02 2.89000000e+01
 1.80000000e+01 4.90000000e+01 4.30000000e+01 2.11100000e+02 1.83000000e+02 1.43400000e+02 2.89000000e+01
 1.80000000e+01 4.90000000e+01 4.50000000e+01 2.11000000e+02 1.82900000e+02 1.43300000e+02 2.89000000e+01
 1.80000000e+01 4.90000000e+01 4.70000000e+01 2.10900000e+02 1.82800000e+02 1.43300000e+02 2.89000000e+01
 1.80000000e+01 4.90000000e+01 4.90000000e+01 2.10700000e+02 1.82700000e+02 1.43300000e+02 2.89000000e+01
 1.80000000e+01 4.90000000e+01 5.10000000e+01 2.10600000e+02 1.82600000e+02 1.43300000e+02 2.89000000e+01
 1.80000000e+01 4.90000000e+01 5.30000000e+01 2.10500000e+02 1.82500000e+02 1.43200000e+02 2.89000000e+01
 1.80000000e+01 4.90000000e+01 5.50000000e+01 2.10400000e+02 1.82400000e+02 1.43100000e+02 2.89000000e+01
 1.80000000e+01 4.90000000e+01 5.70000000e+01 2.10300000e+02 1.82300000e+02 1.43100000e+02 2.89000000e+01
 1.80000000e+01 4.90000000e+01 5.90000000e+01 2.10200000e+02 1.82200000e+02 1.43000000e+02 2.89000000e+01
 1.80000000e+01 5.00000000e+01 1.00000000e+00 2.10000000e+02 1.82100000e+02 1.43000000e+02 2.89000000e+01
 1.80000000e+01 5.00000000e+01 3.00000000e+00 2.09900000e+02 1.82000000e+02 1.42900000e+02 2.89000000e+01
 1.80000000e+01 5.00000000e+01 5.00000000e+00 2.09800000e+02 1.81900000e+02 1.42800000e+02 2.89000000e+01
 1.80000000e+01 5.00000000e+01 7.00000000e+00 2.09700000e+02 1.81900000e+02 1.42800000e+02 2.89000000e+01
 1.80000000e+01 5.00000000e+01 9.00000000e+00 2.09600000e+02 1.81800000e+02 1.42700000e+02 2.89000000e+01
 1.80000000e+01 5.00000000e+01 1.10000000e+01 2.09500000e+02 1.81700000e+02 1.42600000e+02 2.89000000e+01
 1.80000000e+01 5.00000000e+01 1.30000000e+01 2.09400000e+02 1.81600000e+02 1.42600000e+02 2.89000000e+01
 1.80000000e+01 5.00000000e+01 1.50000000e+01 2.09300000e+02 1.81500000e+02 1.42500000e+02 2.89000000e+01
 1.80000000e+01 5.00000000e+01 1.70000000e+01 2.09200000e+02 1.81400000e+02 1.42500000e+02 2.89000000e+01
 1.80000000e+01 5.00000000e+01 1.90000000e+01 2.09000000e+02 1.81300000e+02 1.42400000e+02 2.89000000e+01
 1.80000000e+01 5.00000000e+01 2.10000000e+01 2.08900000e+02 1.81200000e+02 1.42300000e+02 2.89000000e+01
 1.80000000e+01 5.00000000e+01 2.30000000e+01 2.08800000e+02 1.81100000e+02 1.42300000e+02 2.88000000e+01
 1.80000000e+01 5.00000000e+01 2.50000000e+01 2.08700000e+02 1.81000000e+02 1.42200000e+02 2.88000000e+01
 1.80000000e+01 5.00000000e+01 2.70000000e+01 2.08600000e+02 1.80900000e+02 1.42100000e+02 2.88000000e+01
 1.80000000e+01 5.00000000e+01 2.90000000e+01 2.08400000e+02 1.80800000e+02 1.42100000e+02 2.88000000e+01
 1.80000000e+01 5.00000000e+01 3.10000000e+01 2.08300000e+02 1.80700000e+02 1.42000000e+02 2.88000000e+01
 1.80000000e+01 5.00000000e+01 3.30000000e+01 2.08200000e+02 1.80700000e+02 1.41900000e+02 2.88000000e+01
 1.80000000e+01 5.00000000e+01 3.50000000e+01 2.08100000e+02 1.80600000e+02 1.41900000e+02 2.88000000e+01
 1.80000000e+01 5.00000000e+01 3.70000000e+01 2.08000000e+02 1.80500000e+02 1.41800000e+02 2.87000000e+01
 1.80000000e+01 5.00000000e+01 3.90000000e+01 2.07900000e+02 1.80400000e+02 1.41700000e+02 2.87000000e+01
 1.80000000e+01 5.00000000e+01 4.10000000e+01 2.07800000e+02 1.80300000e+02 1.41700000e+02 2.87000000e+01
 1.80000000e+01 5.00000000e+01 4.30000000e+01 2.07700000e+02 1.80200000e+02 1.41600000e+02 2.87000000e+01
 1.80000000e+01 5.00000000e+01 4.50000000e+01 2.07600000e+02 1.80100000e+02 1.41600000e+02 2.88000000e+01
 1.80000000e+01 5.00000000e+01 4.70000000e+01 2.07500000e+02 1.80000000e+02 1.41500000e+02 2.88000000e+01
 1.80000000e+01 5.00000000e+01 4.90000000e+01 2.07300000e+02 1.79900000e+02 1.41400000e+02 2.88000000e+01
 1.80000000e+01 5.00000000e+01 5.10000000e+01 2.07200000e+02 1.79800000e+02 1.41400000e+02 2.88000000e+01
 1.80000000e+01 5.00000000e+01 5.30000000e+01 2.07100000e+02 1.79700000e+02 1.41300000e+02 2.89000000e+01
 1.80000000e+01 5.00000000e+01 5.50000000e+01 2.07000000e+02 1.79600000e+02 1.41200000e+02 2.89000000e+01
 1.80000000e+01 5.00000000e+01 5.70000000e+01 2.06900000e+02 1.79600000e+02 1.41200000e+02 2.89000000e+01
 1.80000000e+01 5.00000000e+01 5.90000000e+01 2.06800000e+02 1.79500000e+02 1.41100000e+02 2.89000000e+01
 1.80000000e+01 5.10000000e+01 1.00000000e+00 2.06700000e+02 1.79400000e+02 1.41100000e+02 2.89000000e+01
 1.80000000e+01 5.10000000e+01 3.00000000e+00 2.06600000e+02 1.79300000e+02 1.41000000e+02 2.89000000e+01
 1.80000000e+01 5.10000000e+01 5.00000000e+00 2.06400000e+02 1.79200000e+02 1.40900000e+02 2.89000000e+01
 1.80000000e+01 5.10000000e+01 7.00000000e+00 2.06300000e+02 1.79100000e+02 1.40900000e+02 2.89000000e+01
 1.80000000e+01 5.10000000e+01 9.00000000e+00 2.06300000e+02 1.79000000e+02 1.40800000e+02 2.89000000e+01
 1.80000000e+01 5.10000000e+01 1.10000000e+01 2.06200000e+02 1.79000000e+02 1.40700000e+02 2.89000000e+01
 1.80000000e+01 5.10000000e+01 1.30000000e+01 2.06000000e+02 1.78900000e+02 1.40700000e+02 2.89000000e+01
 1.80000000e+01 5.10000000e+01 1.50000000e+01 2.05900000e+02 1.78800000e+02 1.40600000e+02 2.89000000e+01
 1.80000000e+01 5.10000000e+01 1.70000000e+01 2.05800000e+02 1.78700000e+02 1.40600000e+02 2.89000000e+01
 1.80000000e+01 5.10000000e+01 1.90000000e+01 2.05700000e+02 1.78600000e+02 1.40500000e+02 2.89000000e+01
 1.80000000e+01 5.10000000e+01 2.10000000e+01 2.05600000e+02 1.78500000e+02 1.40500000e+02 2.89000000e+01
 1.80000000e+01 5.10000000e+01 2.30000000e+01 2.05400000e+02 1.78400000e+02 1.40400000e+02 2.89000000e+01
 1.80000000e+01 5.10000000e+01 2.50000000e+01 2.05300000e+02 1.78300000e+02 1.40300000e+02 2.89000000e+01
 1.80000000e+01 5.10000000e+01 2.70000000e+01 2.05200000e+02 1.78200000e+02 1.40300000e+02 2.89000000e+01
 1.80000000e+01 5.10000000e+01 2.90000000e+01 2.05100000e+02 1.78100000e+02 1.40200000e+02 2.88000000e+01
 1.80000000e+01 5.10000000e+01 3.10000000e+01 2.05000000e+02 1.78000000e+02 1.40100000e+02 2.88000000e+01
 1.80000000e+01 5.10000000e+01 3.30000000e+01 2.04900000e+02 1.77900000e+02 1.40100000e+02 2.88000000e+01
 1.80000000e+01 5.10000000e+01 3.50000000e+01 2.04800000e+02 1.77800000e+02 1.40000000e+02 2.89000000e+01
 1.80000000e+01 5.10000000e+01 3.70000000e+01 2.04700000e+02 1.77800000e+02 1.39900000e+02 2.89000000e+01
 1.80000000e+01 5.10000000e+01 3.90000000e+01 2.04600000e+02 1.77700000e+02 1.39900000e+02 2.89000000e+01
 1.80000000e+01 5.10000000e+01 4.10000000e+01 2.04400000e+02 1.77600000e+02 1.39800000e+02 2.89000000e+01
 1.80000000e+01 5.10000000e+01 4.30000000e+01 2.04300000e+02 1.77500000e+02 1.39800000e+02 2.89000000e+01
 1.80000000e+01 5.10000000e+01 4.50000000e+01 2.04300000e+02 1.77400000e+02 1.39700000e+02 2.89000000e+01
 1.80000000e+01 5.10000000e+01 4.70000000e+01 2.04100000e+02 1.77300000e+02 1.39700000e+02 2.89000000e+01
 1.80000000e+01 5.10000000e+01 4.90000000e+01 2.04000000e+02 1.77200000e+02 1.39600000e+02 2.89000000e+01
 1.80000000e+01 5.10000000e+01 5.10000000e+01 2.03900000e+02 1.77100000e+02 1.39500000e+02 2.89000000e+01
 1.80000000e+01 5.10000000e+01 5.30000000e+01 2.03800000e+02 1.77000000e+02 1.39500000e+02 2.89000000e+01
 1.80000000e+01 5.10000000e+01 5.50000000e+01 2.03700000e+02 1.77000000e+02 1.39400000e+02 2.89000000e+01
 1.80000000e+01 5.10000000e+01 5.70000000e+01 2.03600000e+02 1.76900000e+02 1.39300000e+02 2.89000000e+01
 1.80000000e+01 5.10000000e+01 5.90000000e+01 2.03400000e+02 1.76800000e+02 1.39300000e+02 2.89000000e+01
 1.80000000e+01 5.20000000e+01 1.00000000e+00 2.03300000e+02 1.76700000e+02 1.39200000e+02 2.89000000e+01
 1.80000000e+01 5.20000000e+01 3.00000000e+00 2.03200000e+02 1.76600000e+02 1.39200000e+02 2.89000000e+01
 1.80000000e+01 5.20000000e+01 5.00000000e+00 2.03100000e+02 1.76500000e+02 1.39100000e+02 2.89000000e+01
 1.80000000e+01 5.20000000e+01 7.00000000e+00 2.03000000e+02 1.76400000e+02 1.39000000e+02 2.90000000e+01
 1.80000000e+01 5.20000000e+01 9.00000000e+00 2.02900000e+02 1.76300000e+02 1.39000000e+02 2.90000000e+01
 1.80000000e+01 5.20000000e+01 1.10000000e+01 2.02800000e+02 1.76300000e+02 1.38900000e+02 2.90000000e+01
 1.80000000e+01 5.20000000e+01 1.30000000e+01 2.02700000e+02 1.76200000e+02 1.38900000e+02 2.90000000e+01
 1.80000000e+01 5.20000000e+01 1.50000000e+01 2.02600000e+02 1.76100000e+02 1.38800000e+02 2.91000000e+01
 1.80000000e+01 5.20000000e+01 1.70000000e+01 2.02500000e+02 1.76000000e+02 1.38800000e+02 2.91000000e+01
 1.80000000e+01 5.20000000e+01 1.90000000e+01 2.02400000e+02 1.75900000e+02 1.38700000e+02 2.91000000e+01
 1.80000000e+01 5.20000000e+01 2.10000000e+01 2.02300000e+02 1.75800000e+02 1.38700000e+02 2.91000000e+01
 1.80000000e+01 5.20000000e+01 2.30000000e+01 2.02200000e+02 1.75700000e+02 1.38600000e+02 2.90000000e+01
 1.80000000e+01 5.20000000e+01 2.50000000e+01 2.02100000e+02 1.75600000e+02 1.38500000e+02 2.90000000e+01
 1.80000000e+01 5.20000000e+01 2.70000000e+01 2.01900000e+02 1.75500000e+02 1.38400000e+02 2.90000000e+01
 1.80000000e+01 5.20000000e+01 2.90000000e+01 2.01800000e+02 1.75400000e+02 1.38400000e+02 2.90000000e+01
 1.80000000e+01 5.20000000e+01 3.10000000e+01 2.01700000e+02 1.75300000e+02 1.38300000e+02 2.90000000e+01
 1.80000000e+01 5.20000000e+01 3.30000000e+01 2.01600000e+02 1.75300000e+02 1.38300000e+02 2.90000000e+01
 1.80000000e+01 5.20000000e+01 3.50000000e+01 2.01500000e+02 1.75200000e+02 1.38200000e+02 2.90000000e+01
 1.80000000e+01 5.20000000e+01 3.70000000e+01 2.01400000e+02 1.75100000e+02 1.38100000e+02 2.90000000e+01
 1.80000000e+01 5.20000000e+01 3.90000000e+01 2.01300000e+02 1.75000000e+02 1.38100000e+02 2.90000000e+01
 1.80000000e+01 5.20000000e+01 4.10000000e+01 2.01200000e+02 1.74900000e+02 1.38000000e+02 2.90000000e+01
 1.80000000e+01 5.20000000e+01 4.30000000e+01 2.01100000e+02 1.74800000e+02 1.37900000e+02 2.90000000e+01
 1.80000000e+01 5.20000000e+01 4.50000000e+01 2.01000000e+02 1.74800000e+02 1.37900000e+02 2.90000000e+01
 1.80000000e+01 5.20000000e+01 4.70000000e+01 2.00900000e+02 1.74700000e+02 1.37800000e+02 2.90000000e+01
 1.80000000e+01 5.20000000e+01 4.90000000e+01 2.00800000e+02 1.74600000e+02 1.37800000e+02 2.90000000e+01
 1.80000000e+01 5.20000000e+01 5.10000000e+01 2.00700000e+02 1.74500000e+02 1.37700000e+02 2.90000000e+01
 1.80000000e+01 5.20000000e+01 5.30000000e+01 2.00500000e+02 1.74400000e+02 1.37700000e+02 2.90000000e+01
 1.80000000e+01 5.20000000e+01 5.50000000e+01 2.00400000e+02 1.74300000e+02 1.37600000e+02 2.90000000e+01
 1.80000000e+01 5.20000000e+01 5.70000000e+01 2.00300000e+02 1.74200000e+02 1.37500000e+02 2.90000000e+01
 1.80000000e+01 5.20000000e+01 5.90000000e+01 2.00200000e+02 1.74200000e+02 1.37400000e+02 2.90000000e+01
 1.80000000e+01 5.30000000e+01 1.00000000e+00 2.00100000e+02 1.74100000e+02 1.37300000e+02 2.90000000e+01
 1.80000000e+01 5.30000000e+01 3.00000000e+00 2.00000000e+02 1.74000000e+02 1.37300000e+02 2.90000000e+01
 1.80000000e+01 5.30000000e+01 5.00000000e+00 1.99900000e+02 1.73900000e+02 1.37300000e+02 2.90000000e+01
 1.80000000e+01 5.30000000e+01 7.00000000e+00 1.99800000e+02 1.73800000e+02 1.37200000e+02 2.90000000e+01
 1.80000000e+01 5.30000000e+01 9.00000000e+00 1.99700000e+02 1.73700000e+02 1.37200000e+02 2.90000000e+01
 1.80000000e+01 5.30000000e+01 1.10000000e+01 1.99600000e+02 1.73600000e+02 1.37100000e+02 2.90000000e+01
 1.80000000e+01 5.30000000e+01 1.30000000e+01 1.99500000e+02 1.73600000e+02 1.37100000e+02 2.90000000e+01
 1.80000000e+01 5.30000000e+01 1.50000000e+01 1.99400000e+02 1.73500000e+02 1.37000000e+02 2.90000000e+01
 1.80000000e+01 5.30000000e+01 1.70000000e+01 1.99300000e+02 1.73400000e+02 1.37000000e+02 2.90000000e+01
 1.80000000e+01 5.30000000e+01 1.90000000e+01 1.99200000e+02 1.73300000e+02 1.36900000e+02 2.90000000e+01
 1.80000000e+01 5.30000000e+01 2.10000000e+01 1.99100000e+02 1.73200000e+02 1.36800000e+02 2.90000000e+01
 1.80000000e+01 5.30000000e+01 2.30000000e+01 1.99000000e+02 1.73100000e+02 1.36800000e+02 2.90000000e+01
 1.80000000e+01 5.30000000e+01 2.50000000e+01 1.98900000e+02 1.73000000e+02 1.36700000e+02 2.90000000e+01
 1.80000000e+01 5.30000000e+01 2.70000000e+01 1.98700000e+02 1.72900000e+02 1.36700000e+02 2.90000000e+01
 1.80000000e+01 5.30000000e+01 2.90000000e+01 1.98600000e+02 1.72800000e+02 1.36600000e+02 2.90000000e+01
 1.80000000e+01 5.30000000e+01 3.10000000e+01 1.98500000e+02 1.72700000e+02 1.36600000e+02 2.90000000e+01
 1.80000000e+01 5.30000000e+01 3.30000000e+01 1.98400000e+02 1.72700000e+02 1.36500000e+02 2.90000000e+01
 1.80000000e+01 5.30000000e+01 3.50000000e+01 1.98300000e+02 1.72600000e+02 1.36500000e+02 2.90000000e+01
 1.80000000e+01 5.30000000e+01 3.70000000e+01 1.98200000e+02 1.72500000e+02 1.36400000e+02 2.90000000e+01
 1.80000000e+01 5.30000000e+01 3.90000000e+01 1.98100000e+02 1.72400000e+02 1.36400000e+02 2.90000000e+01
 1.80000000e+01 5.30000000e+01 4.10000000e+01 1.98000000e+02 1.72400000e+02 1.36300000e+02 2.91000000e+01
 1.80000000e+01 5.30000000e+01 4.30000000e+01 1.97900000e+02 1.72300000e+02 1.36200000e+02 2.91000000e+01
 1.80000000e+01 5.30000000e+01 4.50000000e+01 1.97800000e+02 1.72200000e+02 1.36100000e+02 2.91000000e+01
 1.80000000e+01 5.30000000e+01 4.70000000e+01 1.97700000e+02 1.72100000e+02 1.36000000e+02 2.90000000e+01
 1.80000000e+01 5.30000000e+01 4.90000000e+01 1.97600000e+02 1.72000000e+02 1.36000000e+02 2.90000000e+01
 1.80000000e+01 5.30000000e+01 5.10000000e+01 1.97500000e+02 1.71900000e+02 1.36000000e+02 2.90000000e+01
 1.80000000e+01 5.30000000e+01 5.30000000e+01 1.97300000e+02 1.71800000e+02 1.35900000e+02 2.89000000e+01
 1.80000000e+01 5.30000000e+01 5.50000000e+01 1.97300000e+02 1.71800000e+02 1.35900000e+02 2.89000000e+01
 1.80000000e+01 5.30000000e+01 5.70000000e+01 1.97100000e+02 1.71700000e+02 1.35800000e+02 2.89000000e+01
 1.80000000e+01 5.30000000e+01 5.90000000e+01 1.97000000e+02 1.71600000e+02 1.35800000e+02 2.89000000e+01
 1.80000000e+01 5.40000000e+01 1.00000000e+00 1.96900000e+02 1.71500000e+02 1.35700000e+02 2.89000000e+01
 1.80000000e+01 5.40000000e+01 3.00000000e+00 1.96800000e+02 1.71400000e+02 1.35600000e+02 2.89000000e+01
 1.80000000e+01 5.40000000e+01 5.00000000e+00 1.96700000e+02 1.71300000e+02 1.35600000e+02 2.89000000e+01
 1.80000000e+01 5.40000000e+01 7.00000000e+00 1.96600000e+02 1.71200000e+02 1.35500000e+02 2.89000000e+01
 1.80000000e+01 5.40000000e+01 9.00000000e+00 1.96600000e+02 1.71200000e+02 1.35500000e+02 2.89000000e+01
 1.80000000e+01 5.40000000e+01 1.10000000e+01 1.96400000e+02 1.71100000e+02 1.35400000e+02 2.89000000e+01
 1.80000000e+01 5.40000000e+01 1.30000000e+01 1.96300000e+02 1.71000000e+02 1.35400000e+02 2.89000000e+01
 1.80000000e+01 5.40000000e+01 1.50000000e+01 1.96200000e+02 1.70900000e+02 1.35300000e+02 2.89000000e+01
 1.80000000e+01 5.40000000e+01 1.70000000e+01 1.96100000e+02 1.70800000e+02 1.35200000e+02 2.89000000e+01
 1.80000000e+01 5.40000000e+01 2.00000000e+01 1.96000000e+02 1.70700000e+02 1.35200000e+02 2.89000000e+01
